0 1 7.000000
0 2 1.000000
0 3 3.000000
0 4 9.000000
0 5 7.000000
0 6 1.000000
0 7 7.000000
0 8 6.000000
0 9 7.000000
1 2 8.000000
1 3 8.000000
1 4 9.000000
1 5 6.000000
1 6 1.000000
1 7 7.000000
1 8 4.000000
1 9 2.000000
2 3 4.000000
2 4 1.000000
2 5 9.000000
2 6 5.000000
2 7 2.000000
2 8 2.000000
2 9 3.000000
3 4 2.000000
3 5 9.000000
3 6 5.000000
3 7 9.000000
3 8 8.000000
3 9 6.000000
4 5 5.000000
4 6 3.000000
4 7 5.000000
4 8 7.000000
4 9 3.000000
5 6 2.000000
5 7 7.000000
5 8 7.000000
5 9 6.000000
6 7 2.000000
6 8 5.000000
6 9 2.000000
7 8 1.000000
7 9 9.000000
8 9 3.000000

1.000000
9.000000
9.000000
8.000000
7.000000
6.000000
1.000000
9.000000
2.000000
9.000000
