0 1 5.000000
0 2 7.000000
0 3 5.000000
0 4 7.000000
0 5 6.000000
0 6 7.000000
0 7 5.000000
0 8 8.000000
0 9 9.000000
1 2 5.000000
1 3 3.000000
1 4 5.000000
1 5 7.000000
1 6 5.000000
1 7 7.000000
1 8 1.000000
1 9 4.000000
2 3 9.000000
2 4 7.000000
2 5 3.000000
2 6 8.000000
2 7 9.000000
2 8 9.000000
2 9 4.000000
3 4 1.000000
3 5 1.000000
3 6 7.000000
3 7 6.000000
3 8 3.000000
3 9 4.000000
4 5 2.000000
4 6 7.000000
4 7 1.000000
4 8 6.000000
4 9 2.000000
5 6 4.000000
5 7 2.000000
5 8 4.000000
5 9 9.000000
6 7 1.000000
6 8 9.000000
6 9 3.000000
7 8 3.000000
7 9 4.000000
8 9 5.000000

4.000000
9.000000
5.000000
5.000000
6.000000
2.000000
7.000000
7.000000
3.000000
9.000000
