0 1 9.000000
0 2 6.000000
0 3 8.000000
0 4 4.000000
0 5 9.000000
0 6 1.000000
0 7 9.000000
0 8 2.000000
0 9 1.000000
0 10 6.000000
0 11 4.000000
0 12 8.000000
0 13 8.000000
0 14 5.000000
1 2 7.000000
1 3 8.000000
1 4 6.000000
1 5 8.000000
1 6 7.000000
1 7 6.000000
1 8 3.000000
1 9 6.000000
1 10 5.000000
1 11 8.000000
1 12 3.000000
1 13 9.000000
1 14 8.000000
2 3 3.000000
2 4 6.000000
2 5 3.000000
2 6 6.000000
2 7 4.000000
2 8 9.000000
2 9 5.000000
2 10 7.000000
2 11 6.000000
2 12 3.000000
2 13 6.000000
2 14 7.000000
3 4 3.000000
3 5 2.000000
3 6 8.000000
3 7 9.000000
3 8 7.000000
3 9 4.000000
3 10 4.000000
3 11 3.000000
3 12 7.000000
3 13 3.000000
3 14 1.000000
4 5 3.000000
4 6 5.000000
4 7 6.000000
4 8 7.000000
4 9 3.000000
4 10 6.000000
4 11 6.000000
4 12 2.000000
4 13 6.000000
4 14 2.000000
5 6 2.000000
5 7 3.000000
5 8 3.000000
5 9 1.000000
5 10 5.000000
5 11 1.000000
5 12 5.000000
5 13 7.000000
5 14 4.000000
6 7 2.000000
6 8 7.000000
6 9 4.000000
6 10 1.000000
6 11 6.000000
6 12 8.000000
6 13 2.000000
6 14 1.000000
7 8 2.000000
7 9 8.000000
7 10 3.000000
7 11 9.000000
7 12 1.000000
7 13 5.000000
7 14 3.000000
8 9 5.000000
8 10 5.000000
8 11 8.000000
8 12 1.000000
8 13 4.000000
8 14 3.000000
9 10 9.000000
9 11 6.000000
9 12 5.000000
9 13 3.000000
9 14 4.000000
10 11 7.000000
10 12 1.000000
10 13 8.000000
10 14 2.000000
11 12 4.000000
11 13 8.000000
11 14 8.000000
12 13 7.000000
12 14 6.000000
13 14 3.000000

1.000000
9.000000
9.000000
8.000000
7.000000
6.000000
1.000000
9.000000
2.000000
9.000000
8.000000
2.000000
8.000000
5.000000
3.000000
