0 1 9.000000
0 2 6.000000
0 3 5.000000
0 4 3.000000
0 5 4.000000
0 6 7.000000
0 7 1.000000
0 8 8.000000
0 9 2.000000
0 10 4.000000
0 11 8.000000
0 12 8.000000
0 13 7.000000
0 14 6.000000
0 15 3.000000
0 16 4.000000
0 17 7.000000
0 18 1.000000
0 19 5.000000
1 2 3.000000
1 3 1.000000
1 4 2.000000
1 5 3.000000
1 6 5.000000
1 7 4.000000
1 8 7.000000
1 9 9.000000
1 10 9.000000
1 11 5.000000
1 12 2.000000
1 13 2.000000
1 14 2.000000
1 15 7.000000
1 16 4.000000
1 17 4.000000
1 18 1.000000
1 19 8.000000
2 3 2.000000
2 4 7.000000
2 5 7.000000
2 6 6.000000
2 7 5.000000
2 8 6.000000
2 9 1.000000
2 10 1.000000
2 11 6.000000
2 12 4.000000
2 13 5.000000
2 14 4.000000
2 15 6.000000
2 16 7.000000
2 17 4.000000
2 18 7.000000
2 19 9.000000
3 4 6.000000
3 5 8.000000
3 6 4.000000
3 7 3.000000
3 8 8.000000
3 9 6.000000
3 10 4.000000
3 11 7.000000
3 12 7.000000
3 13 1.000000
3 14 9.000000
3 15 9.000000
3 16 9.000000
3 17 7.000000
3 18 1.000000
3 19 6.000000
4 5 5.000000
4 6 4.000000
4 7 8.000000
4 8 8.000000
4 9 5.000000
4 10 8.000000
4 11 2.000000
4 12 6.000000
4 13 3.000000
4 14 5.000000
4 15 3.000000
4 16 7.000000
4 17 8.000000
4 18 7.000000
4 19 4.000000
5 6 4.000000
5 7 6.000000
5 8 5.000000
5 9 6.000000
5 10 2.000000
5 11 1.000000
5 12 1.000000
5 13 8.000000
5 14 5.000000
5 15 8.000000
5 16 7.000000
5 17 4.000000
5 18 5.000000
5 19 3.000000
6 7 3.000000
6 8 8.000000
6 9 7.000000
6 10 6.000000
6 11 6.000000
6 12 3.000000
6 13 8.000000
6 14 2.000000
6 15 4.000000
6 16 3.000000
6 17 2.000000
6 18 8.000000
6 19 5.000000
7 8 8.000000
7 9 6.000000
7 10 2.000000
7 11 2.000000
7 12 7.000000
7 13 5.000000
7 14 6.000000
7 15 3.000000
7 16 6.000000
7 17 4.000000
7 18 1.000000
7 19 5.000000
8 9 9.000000
8 10 7.000000
8 11 9.000000
8 12 1.000000
8 13 9.000000
8 14 2.000000
8 15 3.000000
8 16 8.000000
8 17 6.000000
8 18 7.000000
8 19 4.000000
9 10 8.000000
9 11 3.000000
9 12 6.000000
9 13 2.000000
9 14 5.000000
9 15 7.000000
9 16 9.000000
9 17 7.000000
9 18 4.000000
9 19 3.000000
10 11 7.000000
10 12 5.000000
10 13 9.000000
10 14 2.000000
10 15 9.000000
10 16 1.000000
10 17 8.000000
10 18 3.000000
10 19 8.000000
11 12 1.000000
11 13 9.000000
11 14 3.000000
11 15 9.000000
11 16 1.000000
11 17 3.000000
11 18 9.000000
11 19 1.000000
12 13 1.000000
12 14 5.000000
12 15 7.000000
12 16 4.000000
12 17 4.000000
12 18 8.000000
12 19 7.000000
13 14 3.000000
13 15 1.000000
13 16 3.000000
13 17 1.000000
13 18 6.000000
13 19 6.000000
14 15 3.000000
14 16 3.000000
14 17 8.000000
14 18 1.000000
14 19 2.000000
15 16 5.000000
15 17 1.000000
15 18 7.000000
15 19 8.000000
16 17 8.000000
16 18 5.000000
16 19 5.000000
17 18 2.000000
17 19 3.000000
18 19 5.000000

1.000000
9.000000
9.000000
8.000000
7.000000
6.000000
1.000000
9.000000
2.000000
9.000000
8.000000
2.000000
8.000000
5.000000
3.000000
6.000000
9.000000
1.000000
7.000000
6.000000
