0 1 2.000000
0 2 7.000000
0 3 5.000000
0 4 6.000000
0 5 3.000000
0 6 6.000000
0 7 4.000000
0 8 1.000000
0 9 5.000000
0 10 9.000000
0 11 7.000000
0 12 9.000000
0 13 1.000000
0 14 9.000000
0 15 2.000000
0 16 3.000000
0 17 8.000000
0 18 6.000000
0 19 7.000000
0 20 4.000000
0 21 8.000000
0 22 3.000000
0 23 6.000000
0 24 2.000000
1 2 5.000000
1 3 7.000000
1 4 9.000000
1 5 7.000000
1 6 4.000000
1 7 3.000000
1 8 7.000000
1 9 5.000000
1 10 9.000000
1 11 2.000000
1 12 9.000000
1 13 1.000000
1 14 8.000000
1 15 3.000000
1 16 8.000000
1 17 1.000000
1 18 9.000000
1 19 3.000000
1 20 9.000000
1 21 1.000000
1 22 3.000000
1 23 9.000000
1 24 1.000000
2 3 1.000000
2 4 5.000000
2 5 7.000000
2 6 4.000000
2 7 4.000000
2 8 8.000000
2 9 7.000000
2 10 3.000000
2 11 1.000000
2 12 3.000000
2 13 1.000000
2 14 6.000000
2 15 6.000000
2 16 3.000000
2 17 3.000000
2 18 8.000000
2 19 1.000000
2 20 2.000000
2 21 5.000000
2 22 1.000000
2 23 7.000000
2 24 8.000000
3 4 8.000000
3 5 5.000000
3 6 5.000000
3 7 2.000000
3 8 3.000000
3 9 5.000000
3 10 2.000000
3 11 2.000000
3 12 6.000000
3 13 2.000000
3 14 6.000000
3 15 1.000000
3 16 3.000000
3 17 7.000000
3 18 8.000000
3 19 1.000000
3 20 8.000000
3 21 9.000000
3 22 1.000000
3 23 8.000000
3 24 5.000000
4 5 4.000000
4 6 1.000000
4 7 5.000000
4 8 2.000000
4 9 1.000000
4 10 4.000000
4 11 5.000000
4 12 8.000000
4 13 2.000000
4 14 3.000000
4 15 5.000000
4 16 6.000000
4 17 5.000000
4 18 4.000000
4 19 6.000000
4 20 1.000000
4 21 5.000000
4 22 7.000000
4 23 6.000000
4 24 6.000000
5 6 2.000000
5 7 4.000000
5 8 8.000000
5 9 6.000000
5 10 3.000000
5 11 6.000000
5 12 4.000000
5 13 9.000000
5 14 4.000000
5 15 2.000000
5 16 2.000000
5 17 7.000000
5 18 1.000000
5 19 4.000000
5 20 7.000000
5 21 8.000000
5 22 7.000000
5 23 2.000000
5 24 5.000000
6 7 6.000000
6 8 2.000000
6 9 9.000000
6 10 1.000000
6 11 6.000000
6 12 1.000000
6 13 6.000000
6 14 6.000000
6 15 5.000000
6 16 4.000000
6 17 9.000000
6 18 8.000000
6 19 3.000000
6 20 4.000000
6 21 4.000000
6 22 8.000000
6 23 4.000000
6 24 8.000000
7 8 1.000000
7 9 1.000000
7 10 2.000000
7 11 2.000000
7 12 2.000000
7 13 9.000000
7 14 9.000000
7 15 3.000000
7 16 6.000000
7 17 6.000000
7 18 9.000000
7 19 7.000000
7 20 1.000000
7 21 6.000000
7 22 6.000000
7 23 7.000000
7 24 6.000000
8 9 2.000000
8 10 7.000000
8 11 9.000000
8 12 8.000000
8 13 9.000000
8 14 3.000000
8 15 5.000000
8 16 5.000000
8 17 5.000000
8 18 6.000000
8 19 8.000000
8 20 2.000000
8 21 9.000000
8 22 6.000000
8 23 2.000000
8 24 7.000000
9 10 6.000000
9 11 1.000000
9 12 6.000000
9 13 5.000000
9 14 1.000000
9 15 8.000000
9 16 8.000000
9 17 4.000000
9 18 8.000000
9 19 3.000000
9 20 2.000000
9 21 2.000000
9 22 8.000000
9 23 8.000000
9 24 5.000000
10 11 9.000000
10 12 3.000000
10 13 4.000000
10 14 5.000000
10 15 9.000000
10 16 5.000000
10 17 8.000000
10 18 4.000000
10 19 7.000000
10 20 4.000000
10 21 2.000000
10 22 8.000000
10 23 2.000000
10 24 6.000000
11 12 7.000000
11 13 8.000000
11 14 2.000000
11 15 8.000000
11 16 5.000000
11 17 4.000000
11 18 6.000000
11 19 3.000000
11 20 9.000000
11 21 9.000000
11 22 8.000000
11 23 9.000000
11 24 1.000000
12 13 7.000000
12 14 5.000000
12 15 6.000000
12 16 9.000000
12 17 4.000000
12 18 6.000000
12 19 2.000000
12 20 7.000000
12 21 5.000000
12 22 6.000000
12 23 5.000000
12 24 8.000000
13 14 1.000000
13 15 6.000000
13 16 7.000000
13 17 9.000000
13 18 7.000000
13 19 3.000000
13 20 6.000000
13 21 6.000000
13 22 2.000000
13 23 2.000000
13 24 8.000000
14 15 5.000000
14 16 7.000000
14 17 1.000000
14 18 2.000000
14 19 6.000000
14 20 7.000000
14 21 1.000000
14 22 4.000000
14 23 2.000000
14 24 5.000000
15 16 9.000000
15 17 2.000000
15 18 7.000000
15 19 5.000000
15 20 3.000000
15 21 2.000000
15 22 7.000000
15 23 6.000000
15 24 4.000000
16 17 5.000000
16 18 6.000000
16 19 9.000000
16 20 3.000000
16 21 3.000000
16 22 5.000000
16 23 3.000000
16 24 7.000000
17 18 1.000000
17 19 5.000000
17 20 8.000000
17 21 6.000000
17 22 7.000000
17 23 6.000000
17 24 6.000000
18 19 9.000000
18 20 9.000000
18 21 1.000000
18 22 9.000000
18 23 4.000000
18 24 3.000000
19 20 3.000000
19 21 1.000000
19 22 2.000000
19 23 9.000000
19 24 4.000000
20 21 4.000000
20 22 8.000000
20 23 1.000000
20 24 7.000000
21 22 2.000000
21 23 6.000000
21 24 3.000000
22 23 1.000000
22 24 6.000000
23 24 4.000000

1.000000
9.000000
9.000000
8.000000
7.000000
6.000000
1.000000
9.000000
2.000000
9.000000
8.000000
2.000000
8.000000
5.000000
3.000000
6.000000
9.000000
1.000000
7.000000
6.000000
1.000000
2.000000
1.000000
8.000000
8.000000
