0 1 7.000000
0 2 4.000000
0 3 1.000000
0 4 2.000000
0 5 2.000000
0 6 3.000000
0 7 6.000000
0 8 3.000000
0 9 5.000000
0 10 8.000000
0 11 9.000000
0 12 7.000000
0 13 5.000000
0 14 4.000000
0 15 2.000000
0 16 4.000000
0 17 3.000000
0 18 7.000000
0 19 7.000000
0 20 8.000000
0 21 4.000000
0 22 9.000000
0 23 3.000000
0 24 4.000000
0 25 2.000000
0 26 3.000000
0 27 5.000000
0 28 2.000000
0 29 7.000000
0 30 5.000000
0 31 4.000000
0 32 3.000000
0 33 8.000000
0 34 2.000000
0 35 2.000000
0 36 9.000000
0 37 2.000000
0 38 6.000000
0 39 9.000000
0 40 6.000000
0 41 4.000000
0 42 8.000000
0 43 3.000000
0 44 6.000000
0 45 3.000000
0 46 5.000000
0 47 7.000000
0 48 5.000000
0 49 2.000000
1 2 2.000000
1 3 1.000000
1 4 3.000000
1 5 8.000000
1 6 1.000000
1 7 4.000000
1 8 9.000000
1 9 3.000000
1 10 8.000000
1 11 9.000000
1 12 8.000000
1 13 3.000000
1 14 1.000000
1 15 8.000000
1 16 1.000000
1 17 2.000000
1 18 9.000000
1 19 7.000000
1 20 3.000000
1 21 5.000000
1 22 4.000000
1 23 8.000000
1 24 6.000000
1 25 3.000000
1 26 1.000000
1 27 1.000000
1 28 3.000000
1 29 3.000000
1 30 7.000000
1 31 5.000000
1 32 2.000000
1 33 9.000000
1 34 5.000000
1 35 5.000000
1 36 7.000000
1 37 4.000000
1 38 8.000000
1 39 7.000000
1 40 4.000000
1 41 5.000000
1 42 4.000000
1 43 2.000000
1 44 7.000000
1 45 4.000000
1 46 9.000000
1 47 6.000000
1 48 5.000000
1 49 7.000000
2 3 1.000000
2 4 7.000000
2 5 9.000000
2 6 5.000000
2 7 3.000000
2 8 4.000000
2 9 5.000000
2 10 1.000000
2 11 4.000000
2 12 7.000000
2 13 4.000000
2 14 8.000000
2 15 2.000000
2 16 5.000000
2 17 7.000000
2 18 4.000000
2 19 9.000000
2 20 3.000000
2 21 7.000000
2 22 6.000000
2 23 7.000000
2 24 2.000000
2 25 1.000000
2 26 1.000000
2 27 1.000000
2 28 5.000000
2 29 4.000000
2 30 8.000000
2 31 8.000000
2 32 8.000000
2 33 3.000000
2 34 7.000000
2 35 3.000000
2 36 2.000000
2 37 2.000000
2 38 3.000000
2 39 3.000000
2 40 6.000000
2 41 3.000000
2 42 6.000000
2 43 1.000000
2 44 6.000000
2 45 5.000000
2 46 9.000000
2 47 2.000000
2 48 9.000000
2 49 3.000000
3 4 8.000000
3 5 2.000000
3 6 8.000000
3 7 4.000000
3 8 6.000000
3 9 7.000000
3 10 2.000000
3 11 6.000000
3 12 5.000000
3 13 5.000000
3 14 7.000000
3 15 3.000000
3 16 3.000000
3 17 3.000000
3 18 5.000000
3 19 7.000000
3 20 5.000000
3 21 5.000000
3 22 8.000000
3 23 5.000000
3 24 5.000000
3 25 2.000000
3 26 8.000000
3 27 2.000000
3 28 2.000000
3 29 4.000000
3 30 4.000000
3 31 8.000000
3 32 3.000000
3 33 1.000000
3 34 9.000000
3 35 2.000000
3 36 3.000000
3 37 7.000000
3 38 3.000000
3 39 8.000000
3 40 2.000000
3 41 3.000000
3 42 3.000000
3 43 6.000000
3 44 7.000000
3 45 9.000000
3 46 7.000000
3 47 7.000000
3 48 3.000000
3 49 9.000000
4 5 5.000000
4 6 5.000000
4 7 2.000000
4 8 1.000000
4 9 1.000000
4 10 7.000000
4 11 3.000000
4 12 8.000000
4 13 6.000000
4 14 2.000000
4 15 9.000000
4 16 9.000000
4 17 1.000000
4 18 1.000000
4 19 9.000000
4 20 9.000000
4 21 9.000000
4 22 9.000000
4 23 4.000000
4 24 9.000000
4 25 6.000000
4 26 3.000000
4 27 2.000000
4 28 6.000000
4 29 8.000000
4 30 6.000000
4 31 5.000000
4 32 3.000000
4 33 2.000000
4 34 5.000000
4 35 3.000000
4 36 6.000000
4 37 1.000000
4 38 4.000000
4 39 4.000000
4 40 8.000000
4 41 8.000000
4 42 4.000000
4 43 6.000000
4 44 4.000000
4 45 6.000000
4 46 3.000000
4 47 1.000000
4 48 4.000000
4 49 1.000000
5 6 8.000000
5 7 1.000000
5 8 9.000000
5 9 5.000000
5 10 4.000000
5 11 9.000000
5 12 1.000000
5 13 6.000000
5 14 8.000000
5 15 6.000000
5 16 2.000000
5 17 3.000000
5 18 9.000000
5 19 5.000000
5 20 4.000000
5 21 4.000000
5 22 5.000000
5 23 7.000000
5 24 2.000000
5 25 6.000000
5 26 1.000000
5 27 9.000000
5 28 5.000000
5 29 5.000000
5 30 3.000000
5 31 6.000000
5 32 8.000000
5 33 6.000000
5 34 7.000000
5 35 2.000000
5 36 4.000000
5 37 3.000000
5 38 2.000000
5 39 4.000000
5 40 7.000000
5 41 3.000000
5 42 1.000000
5 43 6.000000
5 44 6.000000
5 45 6.000000
5 46 9.000000
5 47 7.000000
5 48 8.000000
5 49 8.000000
6 7 9.000000
6 8 2.000000
6 9 1.000000
6 10 2.000000
6 11 6.000000
6 12 2.000000
6 13 8.000000
6 14 7.000000
6 15 2.000000
6 16 1.000000
6 17 9.000000
6 18 4.000000
6 19 6.000000
6 20 7.000000
6 21 7.000000
6 22 1.000000
6 23 6.000000
6 24 2.000000
6 25 3.000000
6 26 5.000000
6 27 3.000000
6 28 8.000000
6 29 7.000000
6 30 3.000000
6 31 4.000000
6 32 3.000000
6 33 6.000000
6 34 3.000000
6 35 7.000000
6 36 5.000000
6 37 9.000000
6 38 7.000000
6 39 4.000000
6 40 9.000000
6 41 8.000000
6 42 1.000000
6 43 1.000000
6 44 4.000000
6 45 5.000000
6 46 9.000000
6 47 4.000000
6 48 2.000000
6 49 4.000000
7 8 1.000000
7 9 6.000000
7 10 8.000000
7 11 8.000000
7 12 9.000000
7 13 9.000000
7 14 9.000000
7 15 4.000000
7 16 9.000000
7 17 7.000000
7 18 1.000000
7 19 2.000000
7 20 1.000000
7 21 1.000000
7 22 6.000000
7 23 1.000000
7 24 7.000000
7 25 1.000000
7 26 9.000000
7 27 2.000000
7 28 2.000000
7 29 8.000000
7 30 8.000000
7 31 9.000000
7 32 7.000000
7 33 2.000000
7 34 2.000000
7 35 6.000000
7 36 4.000000
7 37 3.000000
7 38 7.000000
7 39 4.000000
7 40 6.000000
7 41 6.000000
7 42 9.000000
7 43 5.000000
7 44 3.000000
7 45 8.000000
7 46 8.000000
7 47 3.000000
7 48 5.000000
7 49 6.000000
8 9 2.000000
8 10 3.000000
8 11 6.000000
8 12 7.000000
8 13 4.000000
8 14 2.000000
8 15 5.000000
8 16 3.000000
8 17 3.000000
8 18 7.000000
8 19 9.000000
8 20 8.000000
8 21 6.000000
8 22 6.000000
8 23 1.000000
8 24 8.000000
8 25 2.000000
8 26 4.000000
8 27 8.000000
8 28 9.000000
8 29 5.000000
8 30 3.000000
8 31 5.000000
8 32 2.000000
8 33 7.000000
8 34 7.000000
8 35 1.000000
8 36 4.000000
8 37 7.000000
8 38 3.000000
8 39 9.000000
8 40 9.000000
8 41 6.000000
8 42 4.000000
8 43 6.000000
8 44 7.000000
8 45 5.000000
8 46 2.000000
8 47 9.000000
8 48 7.000000
8 49 6.000000
9 10 8.000000
9 11 4.000000
9 12 9.000000
9 13 2.000000
9 14 4.000000
9 15 7.000000
9 16 4.000000
9 17 5.000000
9 18 4.000000
9 19 3.000000
9 20 7.000000
9 21 6.000000
9 22 5.000000
9 23 6.000000
9 24 1.000000
9 25 9.000000
9 26 6.000000
9 27 4.000000
9 28 7.000000
9 29 9.000000
9 30 2.000000
9 31 4.000000
9 32 3.000000
9 33 5.000000
9 34 7.000000
9 35 9.000000
9 36 9.000000
9 37 6.000000
9 38 6.000000
9 39 4.000000
9 40 2.000000
9 41 3.000000
9 42 7.000000
9 43 2.000000
9 44 4.000000
9 45 8.000000
9 46 6.000000
9 47 7.000000
9 48 1.000000
9 49 7.000000
10 11 7.000000
10 12 5.000000
10 13 1.000000
10 14 9.000000
10 15 2.000000
10 16 2.000000
10 17 9.000000
10 18 7.000000
10 19 3.000000
10 20 4.000000
10 21 4.000000
10 22 4.000000
10 23 5.000000
10 24 4.000000
10 25 8.000000
10 26 2.000000
10 27 1.000000
10 28 7.000000
10 29 8.000000
10 30 7.000000
10 31 9.000000
10 32 9.000000
10 33 9.000000
10 34 6.000000
10 35 8.000000
10 36 1.000000
10 37 3.000000
10 38 3.000000
10 39 6.000000
10 40 3.000000
10 41 9.000000
10 42 1.000000
10 43 8.000000
10 44 1.000000
10 45 1.000000
10 46 7.000000
10 47 9.000000
10 48 7.000000
10 49 2.000000
11 12 2.000000
11 13 8.000000
11 14 6.000000
11 15 6.000000
11 16 3.000000
11 17 7.000000
11 18 4.000000
11 19 4.000000
11 20 8.000000
11 21 9.000000
11 22 2.000000
11 23 5.000000
11 24 8.000000
11 25 9.000000
11 26 2.000000
11 27 2.000000
11 28 5.000000
11 29 9.000000
11 30 4.000000
11 31 7.000000
11 32 5.000000
11 33 5.000000
11 34 7.000000
11 35 6.000000
11 36 1.000000
11 37 5.000000
11 38 4.000000
11 39 7.000000
11 40 4.000000
11 41 1.000000
11 42 8.000000
11 43 5.000000
11 44 8.000000
11 45 2.000000
11 46 8.000000
11 47 1.000000
11 48 9.000000
11 49 3.000000
12 13 2.000000
12 14 7.000000
12 15 9.000000
12 16 2.000000
12 17 9.000000
12 18 5.000000
12 19 8.000000
12 20 8.000000
12 21 4.000000
12 22 3.000000
12 23 7.000000
12 24 8.000000
12 25 8.000000
12 26 1.000000
12 27 1.000000
12 28 5.000000
12 29 4.000000
12 30 1.000000
12 31 7.000000
12 32 7.000000
12 33 7.000000
12 34 1.000000
12 35 7.000000
12 36 3.000000
12 37 5.000000
12 38 3.000000
12 39 5.000000
12 40 4.000000
12 41 1.000000
12 42 2.000000
12 43 4.000000
12 44 2.000000
12 45 8.000000
12 46 1.000000
12 47 3.000000
12 48 5.000000
12 49 3.000000
13 14 8.000000
13 15 3.000000
13 16 6.000000
13 17 2.000000
13 18 7.000000
13 19 4.000000
13 20 9.000000
13 21 5.000000
13 22 2.000000
13 23 2.000000
13 24 8.000000
13 25 2.000000
13 26 8.000000
13 27 5.000000
13 28 6.000000
13 29 6.000000
13 30 9.000000
13 31 9.000000
13 32 8.000000
13 33 9.000000
13 34 2.000000
13 35 2.000000
13 36 9.000000
13 37 3.000000
13 38 3.000000
13 39 2.000000
13 40 8.000000
13 41 1.000000
13 42 2.000000
13 43 3.000000
13 44 3.000000
13 45 1.000000
13 46 3.000000
13 47 9.000000
13 48 9.000000
13 49 7.000000
14 15 1.000000
14 16 6.000000
14 17 3.000000
14 18 3.000000
14 19 5.000000
14 20 8.000000
14 21 4.000000
14 22 1.000000
14 23 2.000000
14 24 8.000000
14 25 6.000000
14 26 1.000000
14 27 5.000000
14 28 4.000000
14 29 1.000000
14 30 6.000000
14 31 4.000000
14 32 7.000000
14 33 6.000000
14 34 6.000000
14 35 8.000000
14 36 4.000000
14 37 5.000000
14 38 8.000000
14 39 4.000000
14 40 7.000000
14 41 6.000000
14 42 4.000000
14 43 6.000000
14 44 3.000000
14 45 8.000000
14 46 7.000000
14 47 8.000000
14 48 8.000000
14 49 7.000000
15 16 1.000000
15 17 7.000000
15 18 8.000000
15 19 1.000000
15 20 8.000000
15 21 6.000000
15 22 6.000000
15 23 6.000000
15 24 8.000000
15 25 7.000000
15 26 4.000000
15 27 2.000000
15 28 1.000000
15 29 2.000000
15 30 7.000000
15 31 5.000000
15 32 7.000000
15 33 8.000000
15 34 9.000000
15 35 5.000000
15 36 9.000000
15 37 6.000000
15 38 8.000000
15 39 1.000000
15 40 1.000000
15 41 1.000000
15 42 9.000000
15 43 5.000000
15 44 6.000000
15 45 5.000000
15 46 2.000000
15 47 4.000000
15 48 9.000000
15 49 9.000000
16 17 4.000000
16 18 7.000000
16 19 4.000000
16 20 7.000000
16 21 2.000000
16 22 2.000000
16 23 5.000000
16 24 5.000000
16 25 4.000000
16 26 5.000000
16 27 6.000000
16 28 8.000000
16 29 9.000000
16 30 4.000000
16 31 7.000000
16 32 6.000000
16 33 6.000000
16 34 4.000000
16 35 1.000000
16 36 5.000000
16 37 5.000000
16 38 1.000000
16 39 3.000000
16 40 2.000000
16 41 5.000000
16 42 7.000000
16 43 6.000000
16 44 4.000000
16 45 1.000000
16 46 4.000000
16 47 1.000000
16 48 3.000000
16 49 1.000000
17 18 4.000000
17 19 9.000000
17 20 9.000000
17 21 4.000000
17 22 4.000000
17 23 5.000000
17 24 7.000000
17 25 7.000000
17 26 1.000000
17 27 3.000000
17 28 4.000000
17 29 2.000000
17 30 9.000000
17 31 8.000000
17 32 8.000000
17 33 2.000000
17 34 8.000000
17 35 3.000000
17 36 6.000000
17 37 8.000000
17 38 3.000000
17 39 5.000000
17 40 1.000000
17 41 9.000000
17 42 8.000000
17 43 2.000000
17 44 8.000000
17 45 2.000000
17 46 2.000000
17 47 1.000000
17 48 1.000000
17 49 6.000000
18 19 9.000000
18 20 9.000000
18 21 7.000000
18 22 2.000000
18 23 2.000000
18 24 4.000000
18 25 6.000000
18 26 3.000000
18 27 6.000000
18 28 7.000000
18 29 2.000000
18 30 4.000000
18 31 5.000000
18 32 9.000000
18 33 5.000000
18 34 3.000000
18 35 9.000000
18 36 8.000000
18 37 1.000000
18 38 3.000000
18 39 3.000000
18 40 8.000000
18 41 9.000000
18 42 8.000000
18 43 9.000000
18 44 5.000000
18 45 1.000000
18 46 9.000000
18 47 5.000000
18 48 1.000000
18 49 3.000000
19 20 3.000000
19 21 7.000000
19 22 9.000000
19 23 4.000000
19 24 9.000000
19 25 1.000000
19 26 7.000000
19 27 9.000000
19 28 4.000000
19 29 4.000000
19 30 1.000000
19 31 7.000000
19 32 9.000000
19 33 8.000000
19 34 9.000000
19 35 2.000000
19 36 7.000000
19 37 5.000000
19 38 1.000000
19 39 7.000000
19 40 5.000000
19 41 6.000000
19 42 5.000000
19 43 4.000000
19 44 6.000000
19 45 9.000000
19 46 4.000000
19 47 3.000000
19 48 5.000000
19 49 2.000000
20 21 5.000000
20 22 5.000000
20 23 8.000000
20 24 4.000000
20 25 6.000000
20 26 5.000000
20 27 4.000000
20 28 3.000000
20 29 4.000000
20 30 7.000000
20 31 6.000000
20 32 3.000000
20 33 3.000000
20 34 5.000000
20 35 1.000000
20 36 9.000000
20 37 5.000000
20 38 5.000000
20 39 5.000000
20 40 3.000000
20 41 3.000000
20 42 9.000000
20 43 8.000000
20 44 5.000000
20 45 3.000000
20 46 2.000000
20 47 4.000000
20 48 4.000000
20 49 4.000000
21 22 6.000000
21 23 3.000000
21 24 8.000000
21 25 1.000000
21 26 2.000000
21 27 2.000000
21 28 6.000000
21 29 4.000000
21 30 3.000000
21 31 8.000000
21 32 6.000000
21 33 1.000000
21 34 3.000000
21 35 8.000000
21 36 1.000000
21 37 5.000000
21 38 8.000000
21 39 9.000000
21 40 9.000000
21 41 1.000000
21 42 2.000000
21 43 9.000000
21 44 3.000000
21 45 9.000000
21 46 8.000000
21 47 7.000000
21 48 2.000000
21 49 9.000000
22 23 9.000000
22 24 4.000000
22 25 4.000000
22 26 3.000000
22 27 6.000000
22 28 2.000000
22 29 4.000000
22 30 5.000000
22 31 2.000000
22 32 7.000000
22 33 9.000000
22 34 4.000000
22 35 4.000000
22 36 5.000000
22 37 2.000000
22 38 6.000000
22 39 1.000000
22 40 9.000000
22 41 8.000000
22 42 6.000000
22 43 7.000000
22 44 6.000000
22 45 6.000000
22 46 8.000000
22 47 5.000000
22 48 7.000000
22 49 7.000000
23 24 3.000000
23 25 2.000000
23 26 7.000000
23 27 3.000000
23 28 1.000000
23 29 8.000000
23 30 4.000000
23 31 4.000000
23 32 4.000000
23 33 3.000000
23 34 5.000000
23 35 7.000000
23 36 4.000000
23 37 2.000000
23 38 4.000000
23 39 6.000000
23 40 3.000000
23 41 6.000000
23 42 5.000000
23 43 8.000000
23 44 6.000000
23 45 5.000000
23 46 5.000000
23 47 2.000000
23 48 2.000000
23 49 1.000000
24 25 5.000000
24 26 7.000000
24 27 5.000000
24 28 2.000000
24 29 5.000000
24 30 8.000000
24 31 4.000000
24 32 9.000000
24 33 8.000000
24 34 4.000000
24 35 7.000000
24 36 9.000000
24 37 5.000000
24 38 8.000000
24 39 2.000000
24 40 7.000000
24 41 5.000000
24 42 6.000000
24 43 7.000000
24 44 6.000000
24 45 9.000000
24 46 9.000000
24 47 2.000000
24 48 4.000000
24 49 6.000000
25 26 7.000000
25 27 8.000000
25 28 1.000000
25 29 6.000000
25 30 7.000000
25 31 1.000000
25 32 2.000000
25 33 5.000000
25 34 3.000000
25 35 3.000000
25 36 7.000000
25 37 8.000000
25 38 6.000000
25 39 6.000000
25 40 6.000000
25 41 8.000000
25 42 3.000000
25 43 5.000000
25 44 1.000000
25 45 8.000000
25 46 5.000000
25 47 8.000000
25 48 2.000000
25 49 8.000000
26 27 5.000000
26 28 7.000000
26 29 7.000000
26 30 4.000000
26 31 9.000000
26 32 1.000000
26 33 9.000000
26 34 4.000000
26 35 7.000000
26 36 9.000000
26 37 1.000000
26 38 4.000000
26 39 7.000000
26 40 9.000000
26 41 6.000000
26 42 1.000000
26 43 9.000000
26 44 3.000000
26 45 8.000000
26 46 6.000000
26 47 8.000000
26 48 3.000000
26 49 2.000000
27 28 8.000000
27 29 5.000000
27 30 2.000000
27 31 7.000000
27 32 9.000000
27 33 9.000000
27 34 8.000000
27 35 7.000000
27 36 4.000000
27 37 5.000000
27 38 2.000000
27 39 6.000000
27 40 2.000000
27 41 3.000000
27 42 5.000000
27 43 6.000000
27 44 7.000000
27 45 3.000000
27 46 4.000000
27 47 8.000000
27 48 7.000000
27 49 3.000000
28 29 5.000000
28 30 5.000000
28 31 2.000000
28 32 7.000000
28 33 4.000000
28 34 5.000000
28 35 6.000000
28 36 4.000000
28 37 6.000000
28 38 2.000000
28 39 8.000000
28 40 6.000000
28 41 8.000000
28 42 6.000000
28 43 5.000000
28 44 4.000000
28 45 1.000000
28 46 7.000000
28 47 7.000000
28 48 3.000000
28 49 1.000000
29 30 6.000000
29 31 3.000000
29 32 3.000000
29 33 2.000000
29 34 7.000000
29 35 5.000000
29 36 5.000000
29 37 5.000000
29 38 1.000000
29 39 5.000000
29 40 9.000000
29 41 5.000000
29 42 5.000000
29 43 5.000000
29 44 6.000000
29 45 9.000000
29 46 1.000000
29 47 9.000000
29 48 4.000000
29 49 9.000000
30 31 6.000000
30 32 9.000000
30 33 6.000000
30 34 9.000000
30 35 2.000000
30 36 9.000000
30 37 9.000000
30 38 6.000000
30 39 4.000000
30 40 9.000000
30 41 6.000000
30 42 1.000000
30 43 9.000000
30 44 9.000000
30 45 9.000000
30 46 6.000000
30 47 2.000000
30 48 5.000000
30 49 9.000000
31 32 9.000000
31 33 7.000000
31 34 6.000000
31 35 5.000000
31 36 2.000000
31 37 1.000000
31 38 1.000000
31 39 2.000000
31 40 8.000000
31 41 8.000000
31 42 3.000000
31 43 8.000000
31 44 2.000000
31 45 9.000000
31 46 4.000000
31 47 1.000000
31 48 8.000000
31 49 1.000000
32 33 7.000000
32 34 5.000000
32 35 5.000000
32 36 5.000000
32 37 8.000000
32 38 3.000000
32 39 2.000000
32 40 5.000000
32 41 2.000000
32 42 8.000000
32 43 5.000000
32 44 4.000000
32 45 5.000000
32 46 4.000000
32 47 2.000000
32 48 1.000000
32 49 8.000000
33 34 3.000000
33 35 2.000000
33 36 7.000000
33 37 2.000000
33 38 9.000000
33 39 3.000000
33 40 2.000000
33 41 5.000000
33 42 4.000000
33 43 1.000000
33 44 8.000000
33 45 2.000000
33 46 9.000000
33 47 9.000000
33 48 8.000000
33 49 2.000000
34 35 2.000000
34 36 1.000000
34 37 9.000000
34 38 4.000000
34 39 3.000000
34 40 5.000000
34 41 3.000000
34 42 8.000000
34 43 9.000000
34 44 5.000000
34 45 3.000000
34 46 1.000000
34 47 6.000000
34 48 1.000000
34 49 7.000000
35 36 6.000000
35 37 2.000000
35 38 4.000000
35 39 6.000000
35 40 9.000000
35 41 4.000000
35 42 7.000000
35 43 4.000000
35 44 7.000000
35 45 6.000000
35 46 1.000000
35 47 6.000000
35 48 3.000000
35 49 9.000000
36 37 2.000000
36 38 4.000000
36 39 8.000000
36 40 3.000000
36 41 1.000000
36 42 9.000000
36 43 5.000000
36 44 5.000000
36 45 2.000000
36 46 1.000000
36 47 2.000000
36 48 6.000000
36 49 3.000000
37 38 3.000000
37 39 9.000000
37 40 3.000000
37 41 9.000000
37 42 4.000000
37 43 3.000000
37 44 1.000000
37 45 9.000000
37 46 9.000000
37 47 2.000000
37 48 4.000000
37 49 1.000000
38 39 6.000000
38 40 7.000000
38 41 1.000000
38 42 2.000000
38 43 9.000000
38 44 7.000000
38 45 3.000000
38 46 3.000000
38 47 5.000000
38 48 5.000000
38 49 4.000000
39 40 2.000000
39 41 7.000000
39 42 6.000000
39 43 4.000000
39 44 7.000000
39 45 6.000000
39 46 7.000000
39 47 7.000000
39 48 6.000000
39 49 5.000000
40 41 8.000000
40 42 3.000000
40 43 8.000000
40 44 8.000000
40 45 1.000000
40 46 5.000000
40 47 7.000000
40 48 2.000000
40 49 6.000000
41 42 5.000000
41 43 7.000000
41 44 4.000000
41 45 6.000000
41 46 8.000000
41 47 3.000000
41 48 1.000000
41 49 8.000000
42 43 4.000000
42 44 6.000000
42 45 4.000000
42 46 5.000000
42 47 5.000000
42 48 8.000000
42 49 1.000000
43 44 8.000000
43 45 4.000000
43 46 4.000000
43 47 4.000000
43 48 8.000000
43 49 9.000000
44 45 8.000000
44 46 6.000000
44 47 9.000000
44 48 4.000000
44 49 2.000000
45 46 9.000000
45 47 8.000000
45 48 8.000000
45 49 8.000000
46 47 4.000000
46 48 4.000000
46 49 5.000000
47 48 7.000000
47 49 7.000000
48 49 1.000000

1.000000
9.000000
9.000000
8.000000
7.000000
6.000000
1.000000
9.000000
2.000000
9.000000
8.000000
2.000000
8.000000
5.000000
3.000000
6.000000
9.000000
1.000000
7.000000
6.000000
1.000000
2.000000
1.000000
8.000000
8.000000
7.000000
7.000000
5.000000
9.000000
1.000000
7.000000
9.000000
7.000000
4.000000
5.000000
2.000000
8.000000
5.000000
1.000000
9.000000
2.000000
8.000000
9.000000
9.000000
2.000000
2.000000
3.000000
8.000000
9.000000
9.000000
