0 1 2.000000
0 2 7.000000
0 3 5.000000
0 4 5.000000
0 5 2.000000
0 6 9.000000
0 7 5.000000
0 8 4.000000
0 9 6.000000
0 10 5.000000
0 11 3.000000
0 12 5.000000
0 13 4.000000
0 14 5.000000
0 15 5.000000
0 16 7.000000
0 17 4.000000
0 18 8.000000
0 19 4.000000
0 20 8.000000
0 21 6.000000
0 22 5.000000
0 23 1.000000
0 24 4.000000
0 25 7.000000
0 26 9.000000
0 27 3.000000
0 28 3.000000
0 29 5.000000
0 30 3.000000
0 31 3.000000
0 32 6.000000
0 33 9.000000
0 34 5.000000
0 35 8.000000
0 36 8.000000
0 37 2.000000
0 38 2.000000
0 39 2.000000
0 40 8.000000
0 41 6.000000
0 42 3.000000
0 43 1.000000
0 44 7.000000
0 45 7.000000
0 46 5.000000
0 47 4.000000
0 48 1.000000
0 49 3.000000
0 50 8.000000
0 51 6.000000
0 52 6.000000
0 53 1.000000
0 54 7.000000
0 55 9.000000
0 56 8.000000
0 57 4.000000
0 58 1.000000
0 59 1.000000
0 60 6.000000
0 61 3.000000
0 62 3.000000
0 63 1.000000
0 64 9.000000
0 65 6.000000
0 66 8.000000
0 67 8.000000
0 68 7.000000
0 69 7.000000
0 70 7.000000
0 71 5.000000
0 72 3.000000
0 73 9.000000
0 74 4.000000
0 75 9.000000
0 76 4.000000
0 77 8.000000
0 78 2.000000
0 79 4.000000
0 80 9.000000
0 81 9.000000
0 82 8.000000
0 83 5.000000
0 84 9.000000
0 85 5.000000
0 86 3.000000
0 87 7.000000
0 88 8.000000
0 89 3.000000
0 90 7.000000
0 91 5.000000
0 92 3.000000
0 93 8.000000
0 94 5.000000
0 95 2.000000
0 96 4.000000
0 97 1.000000
0 98 7.000000
0 99 8.000000
1 2 8.000000
1 3 5.000000
1 4 2.000000
1 5 8.000000
1 6 2.000000
1 7 5.000000
1 8 8.000000
1 9 4.000000
1 10 3.000000
1 11 9.000000
1 12 7.000000
1 13 9.000000
1 14 6.000000
1 15 3.000000
1 16 5.000000
1 17 3.000000
1 18 7.000000
1 19 7.000000
1 20 1.000000
1 21 6.000000
1 22 7.000000
1 23 5.000000
1 24 8.000000
1 25 9.000000
1 26 1.000000
1 27 3.000000
1 28 1.000000
1 29 2.000000
1 30 1.000000
1 31 8.000000
1 32 1.000000
1 33 8.000000
1 34 1.000000
1 35 2.000000
1 36 7.000000
1 37 9.000000
1 38 6.000000
1 39 3.000000
1 40 3.000000
1 41 6.000000
1 42 9.000000
1 43 8.000000
1 44 6.000000
1 45 5.000000
1 46 1.000000
1 47 8.000000
1 48 5.000000
1 49 8.000000
1 50 3.000000
1 51 5.000000
1 52 2.000000
1 53 9.000000
1 54 8.000000
1 55 9.000000
1 56 6.000000
1 57 6.000000
1 58 9.000000
1 59 4.000000
1 60 8.000000
1 61 9.000000
1 62 2.000000
1 63 6.000000
1 64 6.000000
1 65 9.000000
1 66 7.000000
1 67 1.000000
1 68 9.000000
1 69 1.000000
1 70 3.000000
1 71 9.000000
1 72 6.000000
1 73 9.000000
1 74 7.000000
1 75 9.000000
1 76 2.000000
1 77 8.000000
1 78 7.000000
1 79 6.000000
1 80 4.000000
1 81 7.000000
1 82 9.000000
1 83 5.000000
1 84 6.000000
1 85 7.000000
1 86 2.000000
1 87 9.000000
1 88 1.000000
1 89 8.000000
1 90 4.000000
1 91 8.000000
1 92 5.000000
1 93 3.000000
1 94 2.000000
1 95 1.000000
1 96 3.000000
1 97 8.000000
1 98 8.000000
1 99 9.000000
2 3 8.000000
2 4 8.000000
2 5 8.000000
2 6 5.000000
2 7 7.000000
2 8 6.000000
2 9 4.000000
2 10 8.000000
2 11 2.000000
2 12 9.000000
2 13 5.000000
2 14 5.000000
2 15 6.000000
2 16 4.000000
2 17 7.000000
2 18 1.000000
2 19 8.000000
2 20 6.000000
2 21 9.000000
2 22 8.000000
2 23 4.000000
2 24 3.000000
2 25 5.000000
2 26 8.000000
2 27 4.000000
2 28 6.000000
2 29 7.000000
2 30 6.000000
2 31 3.000000
2 32 5.000000
2 33 3.000000
2 34 1.000000
2 35 4.000000
2 36 8.000000
2 37 3.000000
2 38 1.000000
2 39 2.000000
2 40 5.000000
2 41 7.000000
2 42 3.000000
2 43 2.000000
2 44 2.000000
2 45 5.000000
2 46 7.000000
2 47 3.000000
2 48 2.000000
2 49 5.000000
2 50 8.000000
2 51 5.000000
2 52 3.000000
2 53 4.000000
2 54 8.000000
2 55 3.000000
2 56 6.000000
2 57 7.000000
2 58 6.000000
2 59 3.000000
2 60 2.000000
2 61 9.000000
2 62 3.000000
2 63 6.000000
2 64 2.000000
2 65 1.000000
2 66 7.000000
2 67 8.000000
2 68 4.000000
2 69 6.000000
2 70 9.000000
2 71 6.000000
2 72 3.000000
2 73 3.000000
2 74 7.000000
2 75 2.000000
2 76 5.000000
2 77 2.000000
2 78 4.000000
2 79 5.000000
2 80 7.000000
2 81 9.000000
2 82 9.000000
2 83 9.000000
2 84 3.000000
2 85 8.000000
2 86 9.000000
2 87 9.000000
2 88 3.000000
2 89 6.000000
2 90 9.000000
2 91 4.000000
2 92 5.000000
2 93 2.000000
2 94 7.000000
2 95 5.000000
2 96 9.000000
2 97 5.000000
2 98 3.000000
2 99 1.000000
3 4 1.000000
3 5 2.000000
3 6 6.000000
3 7 1.000000
3 8 2.000000
3 9 1.000000
3 10 2.000000
3 11 7.000000
3 12 3.000000
3 13 3.000000
3 14 9.000000
3 15 7.000000
3 16 2.000000
3 17 8.000000
3 18 4.000000
3 19 4.000000
3 20 4.000000
3 21 3.000000
3 22 1.000000
3 23 4.000000
3 24 6.000000
3 25 9.000000
3 26 7.000000
3 27 2.000000
3 28 8.000000
3 29 3.000000
3 30 4.000000
3 31 6.000000
3 32 7.000000
3 33 6.000000
3 34 6.000000
3 35 5.000000
3 36 5.000000
3 37 3.000000
3 38 5.000000
3 39 7.000000
3 40 1.000000
3 41 4.000000
3 42 2.000000
3 43 1.000000
3 44 6.000000
3 45 1.000000
3 46 7.000000
3 47 7.000000
3 48 6.000000
3 49 8.000000
3 50 8.000000
3 51 8.000000
3 52 9.000000
3 53 9.000000
3 54 2.000000
3 55 5.000000
3 56 6.000000
3 57 7.000000
3 58 4.000000
3 59 3.000000
3 60 9.000000
3 61 7.000000
3 62 8.000000
3 63 4.000000
3 64 3.000000
3 65 4.000000
3 66 6.000000
3 67 8.000000
3 68 4.000000
3 69 8.000000
3 70 3.000000
3 71 5.000000
3 72 2.000000
3 73 4.000000
3 74 5.000000
3 75 7.000000
3 76 2.000000
3 77 1.000000
3 78 2.000000
3 79 5.000000
3 80 8.000000
3 81 9.000000
3 82 1.000000
3 83 5.000000
3 84 8.000000
3 85 3.000000
3 86 1.000000
3 87 3.000000
3 88 7.000000
3 89 4.000000
3 90 5.000000
3 91 4.000000
3 92 9.000000
3 93 3.000000
3 94 5.000000
3 95 2.000000
3 96 4.000000
3 97 1.000000
3 98 7.000000
3 99 8.000000
4 5 6.000000
4 6 7.000000
4 7 3.000000
4 8 7.000000
4 9 1.000000
4 10 7.000000
4 11 2.000000
4 12 9.000000
4 13 5.000000
4 14 3.000000
4 15 3.000000
4 16 4.000000
4 17 2.000000
4 18 3.000000
4 19 8.000000
4 20 8.000000
4 21 3.000000
4 22 6.000000
4 23 1.000000
4 24 7.000000
4 25 8.000000
4 26 5.000000
4 27 1.000000
4 28 7.000000
4 29 5.000000
4 30 5.000000
4 31 6.000000
4 32 6.000000
4 33 3.000000
4 34 4.000000
4 35 4.000000
4 36 8.000000
4 37 8.000000
4 38 4.000000
4 39 3.000000
4 40 7.000000
4 41 9.000000
4 42 4.000000
4 43 6.000000
4 44 4.000000
4 45 4.000000
4 46 6.000000
4 47 7.000000
4 48 6.000000
4 49 7.000000
4 50 4.000000
4 51 4.000000
4 52 7.000000
4 53 7.000000
4 54 2.000000
4 55 5.000000
4 56 5.000000
4 57 4.000000
4 58 3.000000
4 59 2.000000
4 60 8.000000
4 61 8.000000
4 62 8.000000
4 63 2.000000
4 64 8.000000
4 65 9.000000
4 66 6.000000
4 67 5.000000
4 68 7.000000
4 69 9.000000
4 70 7.000000
4 71 4.000000
4 72 6.000000
4 73 9.000000
4 74 8.000000
4 75 1.000000
4 76 3.000000
4 77 2.000000
4 78 5.000000
4 79 6.000000
4 80 8.000000
4 81 6.000000
4 82 7.000000
4 83 4.000000
4 84 4.000000
4 85 8.000000
4 86 8.000000
4 87 8.000000
4 88 2.000000
4 89 1.000000
4 90 1.000000
4 91 7.000000
4 92 6.000000
4 93 6.000000
4 94 9.000000
4 95 3.000000
4 96 3.000000
4 97 3.000000
4 98 7.000000
4 99 7.000000
5 6 9.000000
5 7 2.000000
5 8 9.000000
5 9 6.000000
5 10 1.000000
5 11 7.000000
5 12 4.000000
5 13 2.000000
5 14 6.000000
5 15 8.000000
5 16 7.000000
5 17 3.000000
5 18 5.000000
5 19 3.000000
5 20 6.000000
5 21 6.000000
5 22 1.000000
5 23 2.000000
5 24 4.000000
5 25 1.000000
5 26 2.000000
5 27 2.000000
5 28 5.000000
5 29 6.000000
5 30 5.000000
5 31 4.000000
5 32 6.000000
5 33 7.000000
5 34 4.000000
5 35 3.000000
5 36 5.000000
5 37 4.000000
5 38 4.000000
5 39 4.000000
5 40 7.000000
5 41 3.000000
5 42 8.000000
5 43 1.000000
5 44 2.000000
5 45 2.000000
5 46 6.000000
5 47 6.000000
5 48 4.000000
5 49 8.000000
5 50 8.000000
5 51 9.000000
5 52 4.000000
5 53 7.000000
5 54 8.000000
5 55 8.000000
5 56 7.000000
5 57 8.000000
5 58 7.000000
5 59 2.000000
5 60 4.000000
5 61 3.000000
5 62 4.000000
5 63 9.000000
5 64 9.000000
5 65 5.000000
5 66 9.000000
5 67 2.000000
5 68 8.000000
5 69 1.000000
5 70 3.000000
5 71 3.000000
5 72 3.000000
5 73 8.000000
5 74 3.000000
5 75 2.000000
5 76 1.000000
5 77 7.000000
5 78 8.000000
5 79 2.000000
5 80 5.000000
5 81 6.000000
5 82 9.000000
5 83 9.000000
5 84 1.000000
5 85 7.000000
5 86 5.000000
5 87 7.000000
5 88 5.000000
5 89 2.000000
5 90 7.000000
5 91 6.000000
5 92 4.000000
5 93 8.000000
5 94 3.000000
5 95 4.000000
5 96 3.000000
5 97 2.000000
5 98 3.000000
5 99 9.000000
6 7 3.000000
6 8 6.000000
6 9 2.000000
6 10 3.000000
6 11 2.000000
6 12 3.000000
6 13 5.000000
6 14 9.000000
6 15 9.000000
6 16 1.000000
6 17 2.000000
6 18 4.000000
6 19 4.000000
6 20 1.000000
6 21 3.000000
6 22 5.000000
6 23 7.000000
6 24 7.000000
6 25 9.000000
6 26 1.000000
6 27 9.000000
6 28 6.000000
6 29 6.000000
6 30 1.000000
6 31 4.000000
6 32 9.000000
6 33 2.000000
6 34 7.000000
6 35 1.000000
6 36 5.000000
6 37 4.000000
6 38 1.000000
6 39 8.000000
6 40 5.000000
6 41 2.000000
6 42 9.000000
6 43 7.000000
6 44 4.000000
6 45 7.000000
6 46 6.000000
6 47 4.000000
6 48 8.000000
6 49 8.000000
6 50 5.000000
6 51 8.000000
6 52 1.000000
6 53 9.000000
6 54 3.000000
6 55 6.000000
6 56 9.000000
6 57 1.000000
6 58 3.000000
6 59 3.000000
6 60 7.000000
6 61 3.000000
6 62 5.000000
6 63 4.000000
6 64 5.000000
6 65 9.000000
6 66 2.000000
6 67 7.000000
6 68 3.000000
6 69 3.000000
6 70 5.000000
6 71 7.000000
6 72 2.000000
6 73 2.000000
6 74 3.000000
6 75 5.000000
6 76 8.000000
6 77 8.000000
6 78 8.000000
6 79 6.000000
6 80 6.000000
6 81 1.000000
6 82 2.000000
6 83 5.000000
6 84 1.000000
6 85 3.000000
6 86 1.000000
6 87 7.000000
6 88 3.000000
6 89 1.000000
6 90 9.000000
6 91 7.000000
6 92 3.000000
6 93 4.000000
6 94 1.000000
6 95 7.000000
6 96 3.000000
6 97 3.000000
6 98 2.000000
6 99 5.000000
7 8 3.000000
7 9 6.000000
7 10 1.000000
7 11 4.000000
7 12 6.000000
7 13 3.000000
7 14 8.000000
7 15 4.000000
7 16 8.000000
7 17 4.000000
7 18 8.000000
7 19 5.000000
7 20 4.000000
7 21 7.000000
7 22 7.000000
7 23 2.000000
7 24 7.000000
7 25 5.000000
7 26 8.000000
7 27 1.000000
7 28 5.000000
7 29 8.000000
7 30 7.000000
7 31 7.000000
7 32 9.000000
7 33 6.000000
7 34 3.000000
7 35 1.000000
7 36 8.000000
7 37 2.000000
7 38 3.000000
7 39 8.000000
7 40 8.000000
7 41 3.000000
7 42 2.000000
7 43 4.000000
7 44 5.000000
7 45 7.000000
7 46 5.000000
7 47 4.000000
7 48 1.000000
7 49 1.000000
7 50 6.000000
7 51 2.000000
7 52 6.000000
7 53 1.000000
7 54 4.000000
7 55 3.000000
7 56 5.000000
7 57 9.000000
7 58 1.000000
7 59 9.000000
7 60 5.000000
7 61 6.000000
7 62 4.000000
7 63 5.000000
7 64 2.000000
7 65 4.000000
7 66 3.000000
7 67 7.000000
7 68 6.000000
7 69 5.000000
7 70 5.000000
7 71 2.000000
7 72 8.000000
7 73 4.000000
7 74 3.000000
7 75 1.000000
7 76 1.000000
7 77 5.000000
7 78 2.000000
7 79 8.000000
7 80 4.000000
7 81 5.000000
7 82 9.000000
7 83 9.000000
7 84 5.000000
7 85 1.000000
7 86 9.000000
7 87 9.000000
7 88 1.000000
7 89 1.000000
7 90 6.000000
7 91 5.000000
7 92 4.000000
7 93 8.000000
7 94 7.000000
7 95 5.000000
7 96 2.000000
7 97 9.000000
7 98 9.000000
7 99 5.000000
8 9 5.000000
8 10 4.000000
8 11 4.000000
8 12 1.000000
8 13 7.000000
8 14 6.000000
8 15 8.000000
8 16 5.000000
8 17 2.000000
8 18 1.000000
8 19 3.000000
8 20 5.000000
8 21 3.000000
8 22 2.000000
8 23 2.000000
8 24 8.000000
8 25 3.000000
8 26 1.000000
8 27 5.000000
8 28 1.000000
8 29 8.000000
8 30 2.000000
8 31 5.000000
8 32 2.000000
8 33 9.000000
8 34 3.000000
8 35 6.000000
8 36 8.000000
8 37 9.000000
8 38 3.000000
8 39 2.000000
8 40 2.000000
8 41 4.000000
8 42 5.000000
8 43 2.000000
8 44 8.000000
8 45 2.000000
8 46 1.000000
8 47 3.000000
8 48 1.000000
8 49 8.000000
8 50 5.000000
8 51 3.000000
8 52 1.000000
8 53 7.000000
8 54 4.000000
8 55 6.000000
8 56 7.000000
8 57 2.000000
8 58 2.000000
8 59 5.000000
8 60 1.000000
8 61 3.000000
8 62 9.000000
8 63 2.000000
8 64 9.000000
8 65 9.000000
8 66 6.000000
8 67 7.000000
8 68 9.000000
8 69 8.000000
8 70 8.000000
8 71 1.000000
8 72 3.000000
8 73 2.000000
8 74 1.000000
8 75 1.000000
8 76 3.000000
8 77 8.000000
8 78 4.000000
8 79 1.000000
8 80 4.000000
8 81 8.000000
8 82 3.000000
8 83 4.000000
8 84 3.000000
8 85 4.000000
8 86 1.000000
8 87 7.000000
8 88 5.000000
8 89 9.000000
8 90 2.000000
8 91 5.000000
8 92 2.000000
8 93 9.000000
8 94 7.000000
8 95 8.000000
8 96 6.000000
8 97 1.000000
8 98 5.000000
8 99 5.000000
9 10 8.000000
9 11 2.000000
9 12 4.000000
9 13 8.000000
9 14 1.000000
9 15 2.000000
9 16 9.000000
9 17 3.000000
9 18 9.000000
9 19 1.000000
9 20 1.000000
9 21 3.000000
9 22 6.000000
9 23 3.000000
9 24 4.000000
9 25 7.000000
9 26 4.000000
9 27 2.000000
9 28 4.000000
9 29 8.000000
9 30 1.000000
9 31 4.000000
9 32 2.000000
9 33 9.000000
9 34 1.000000
9 35 6.000000
9 36 7.000000
9 37 6.000000
9 38 6.000000
9 39 1.000000
9 40 9.000000
9 41 2.000000
9 42 9.000000
9 43 1.000000
9 44 1.000000
9 45 9.000000
9 46 2.000000
9 47 9.000000
9 48 9.000000
9 49 8.000000
9 50 7.000000
9 51 9.000000
9 52 8.000000
9 53 3.000000
9 54 9.000000
9 55 9.000000
9 56 9.000000
9 57 1.000000
9 58 2.000000
9 59 2.000000
9 60 8.000000
9 61 9.000000
9 62 3.000000
9 63 7.000000
9 64 7.000000
9 65 3.000000
9 66 3.000000
9 67 4.000000
9 68 8.000000
9 69 8.000000
9 70 2.000000
9 71 7.000000
9 72 1.000000
9 73 8.000000
9 74 7.000000
9 75 8.000000
9 76 7.000000
9 77 6.000000
9 78 7.000000
9 79 4.000000
9 80 4.000000
9 81 4.000000
9 82 1.000000
9 83 9.000000
9 84 4.000000
9 85 7.000000
9 86 9.000000
9 87 2.000000
9 88 7.000000
9 89 8.000000
9 90 3.000000
9 91 4.000000
9 92 7.000000
9 93 3.000000
9 94 1.000000
9 95 4.000000
9 96 5.000000
9 97 2.000000
9 98 6.000000
9 99 1.000000
10 11 7.000000
10 12 5.000000
10 13 8.000000
10 14 5.000000
10 15 4.000000
10 16 3.000000
10 17 3.000000
10 18 1.000000
10 19 9.000000
10 20 9.000000
10 21 3.000000
10 22 1.000000
10 23 1.000000
10 24 3.000000
10 25 8.000000
10 26 3.000000
10 27 8.000000
10 28 7.000000
10 29 4.000000
10 30 5.000000
10 31 5.000000
10 32 6.000000
10 33 8.000000
10 34 9.000000
10 35 6.000000
10 36 7.000000
10 37 2.000000
10 38 1.000000
10 39 8.000000
10 40 5.000000
10 41 1.000000
10 42 5.000000
10 43 9.000000
10 44 6.000000
10 45 1.000000
10 46 3.000000
10 47 7.000000
10 48 3.000000
10 49 2.000000
10 50 4.000000
10 51 1.000000
10 52 4.000000
10 53 2.000000
10 54 8.000000
10 55 4.000000
10 56 9.000000
10 57 1.000000
10 58 2.000000
10 59 6.000000
10 60 4.000000
10 61 7.000000
10 62 8.000000
10 63 7.000000
10 64 3.000000
10 65 6.000000
10 66 3.000000
10 67 9.000000
10 68 5.000000
10 69 1.000000
10 70 5.000000
10 71 9.000000
10 72 2.000000
10 73 8.000000
10 74 8.000000
10 75 5.000000
10 76 8.000000
10 77 2.000000
10 78 2.000000
10 79 8.000000
10 80 3.000000
10 81 5.000000
10 82 8.000000
10 83 6.000000
10 84 5.000000
10 85 5.000000
10 86 9.000000
10 87 4.000000
10 88 5.000000
10 89 9.000000
10 90 8.000000
10 91 7.000000
10 92 6.000000
10 93 4.000000
10 94 4.000000
10 95 6.000000
10 96 9.000000
10 97 5.000000
10 98 4.000000
10 99 4.000000
11 12 5.000000
11 13 8.000000
11 14 3.000000
11 15 4.000000
11 16 6.000000
11 17 2.000000
11 18 7.000000
11 19 2.000000
11 20 3.000000
11 21 6.000000
11 22 1.000000
11 23 3.000000
11 24 2.000000
11 25 6.000000
11 26 8.000000
11 27 4.000000
11 28 1.000000
11 29 5.000000
11 30 7.000000
11 31 4.000000
11 32 4.000000
11 33 5.000000
11 34 1.000000
11 35 7.000000
11 36 9.000000
11 37 2.000000
11 38 4.000000
11 39 6.000000
11 40 4.000000
11 41 5.000000
11 42 1.000000
11 43 7.000000
11 44 3.000000
11 45 1.000000
11 46 1.000000
11 47 7.000000
11 48 9.000000
11 49 5.000000
11 50 6.000000
11 51 9.000000
11 52 2.000000
11 53 6.000000
11 54 2.000000
11 55 1.000000
11 56 1.000000
11 57 7.000000
11 58 4.000000
11 59 1.000000
11 60 1.000000
11 61 1.000000
11 62 4.000000
11 63 4.000000
11 64 6.000000
11 65 2.000000
11 66 9.000000
11 67 3.000000
11 68 2.000000
11 69 3.000000
11 70 8.000000
11 71 5.000000
11 72 7.000000
11 73 6.000000
11 74 2.000000
11 75 7.000000
11 76 5.000000
11 77 1.000000
11 78 2.000000
11 79 4.000000
11 80 5.000000
11 81 8.000000
11 82 4.000000
11 83 6.000000
11 84 4.000000
11 85 3.000000
11 86 6.000000
11 87 4.000000
11 88 1.000000
11 89 9.000000
11 90 3.000000
11 91 8.000000
11 92 8.000000
11 93 4.000000
11 94 2.000000
11 95 2.000000
11 96 6.000000
11 97 1.000000
11 98 4.000000
11 99 5.000000
12 13 1.000000
12 14 9.000000
12 15 9.000000
12 16 5.000000
12 17 4.000000
12 18 2.000000
12 19 3.000000
12 20 8.000000
12 21 2.000000
12 22 2.000000
12 23 9.000000
12 24 4.000000
12 25 9.000000
12 26 1.000000
12 27 1.000000
12 28 2.000000
12 29 4.000000
12 30 4.000000
12 31 3.000000
12 32 2.000000
12 33 4.000000
12 34 5.000000
12 35 9.000000
12 36 9.000000
12 37 7.000000
12 38 8.000000
12 39 1.000000
12 40 1.000000
12 41 7.000000
12 42 4.000000
12 43 5.000000
12 44 7.000000
12 45 1.000000
12 46 4.000000
12 47 1.000000
12 48 4.000000
12 49 3.000000
12 50 1.000000
12 51 9.000000
12 52 2.000000
12 53 2.000000
12 54 9.000000
12 55 6.000000
12 56 2.000000
12 57 9.000000
12 58 4.000000
12 59 1.000000
12 60 1.000000
12 61 7.000000
12 62 3.000000
12 63 2.000000
12 64 8.000000
12 65 6.000000
12 66 8.000000
12 67 5.000000
12 68 3.000000
12 69 5.000000
12 70 5.000000
12 71 3.000000
12 72 2.000000
12 73 6.000000
12 74 5.000000
12 75 6.000000
12 76 7.000000
12 77 6.000000
12 78 6.000000
12 79 1.000000
12 80 9.000000
12 81 6.000000
12 82 1.000000
12 83 8.000000
12 84 8.000000
12 85 7.000000
12 86 2.000000
12 87 7.000000
12 88 6.000000
12 89 5.000000
12 90 7.000000
12 91 7.000000
12 92 1.000000
12 93 7.000000
12 94 6.000000
12 95 6.000000
12 96 3.000000
12 97 3.000000
12 98 2.000000
12 99 5.000000
13 14 7.000000
13 15 4.000000
13 16 5.000000
13 17 8.000000
13 18 1.000000
13 19 7.000000
13 20 4.000000
13 21 7.000000
13 22 4.000000
13 23 1.000000
13 24 5.000000
13 25 1.000000
13 26 4.000000
13 27 3.000000
13 28 8.000000
13 29 9.000000
13 30 9.000000
13 31 1.000000
13 32 6.000000
13 33 4.000000
13 34 3.000000
13 35 1.000000
13 36 1.000000
13 37 1.000000
13 38 8.000000
13 39 4.000000
13 40 5.000000
13 41 8.000000
13 42 6.000000
13 43 4.000000
13 44 2.000000
13 45 3.000000
13 46 7.000000
13 47 6.000000
13 48 8.000000
13 49 7.000000
13 50 4.000000
13 51 3.000000
13 52 2.000000
13 53 5.000000
13 54 1.000000
13 55 7.000000
13 56 5.000000
13 57 2.000000
13 58 7.000000
13 59 3.000000
13 60 2.000000
13 61 7.000000
13 62 1.000000
13 63 5.000000
13 64 1.000000
13 65 4.000000
13 66 4.000000
13 67 8.000000
13 68 2.000000
13 69 9.000000
13 70 9.000000
13 71 4.000000
13 72 7.000000
13 73 6.000000
13 74 7.000000
13 75 8.000000
13 76 6.000000
13 77 3.000000
13 78 3.000000
13 79 5.000000
13 80 7.000000
13 81 6.000000
13 82 5.000000
13 83 9.000000
13 84 8.000000
13 85 5.000000
13 86 4.000000
13 87 3.000000
13 88 4.000000
13 89 8.000000
13 90 5.000000
13 91 5.000000
13 92 5.000000
13 93 4.000000
13 94 8.000000
13 95 3.000000
13 96 5.000000
13 97 2.000000
13 98 8.000000
13 99 6.000000
14 15 1.000000
14 16 8.000000
14 17 1.000000
14 18 7.000000
14 19 2.000000
14 20 5.000000
14 21 4.000000
14 22 7.000000
14 23 5.000000
14 24 6.000000
14 25 2.000000
14 26 3.000000
14 27 9.000000
14 28 6.000000
14 29 9.000000
14 30 7.000000
14 31 8.000000
14 32 1.000000
14 33 9.000000
14 34 3.000000
14 35 8.000000
14 36 2.000000
14 37 5.000000
14 38 2.000000
14 39 5.000000
14 40 3.000000
14 41 2.000000
14 42 9.000000
14 43 4.000000
14 44 8.000000
14 45 4.000000
14 46 2.000000
14 47 6.000000
14 48 2.000000
14 49 7.000000
14 50 7.000000
14 51 6.000000
14 52 1.000000
14 53 4.000000
14 54 9.000000
14 55 6.000000
14 56 4.000000
14 57 2.000000
14 58 5.000000
14 59 7.000000
14 60 8.000000
14 61 2.000000
14 62 6.000000
14 63 8.000000
14 64 8.000000
14 65 6.000000
14 66 4.000000
14 67 9.000000
14 68 1.000000
14 69 3.000000
14 70 3.000000
14 71 2.000000
14 72 5.000000
14 73 2.000000
14 74 3.000000
14 75 3.000000
14 76 5.000000
14 77 5.000000
14 78 6.000000
14 79 4.000000
14 80 2.000000
14 81 3.000000
14 82 8.000000
14 83 9.000000
14 84 4.000000
14 85 7.000000
14 86 5.000000
14 87 5.000000
14 88 6.000000
14 89 7.000000
14 90 3.000000
14 91 4.000000
14 92 6.000000
14 93 8.000000
14 94 9.000000
14 95 4.000000
14 96 2.000000
14 97 3.000000
14 98 1.000000
14 99 9.000000
15 16 6.000000
15 17 3.000000
15 18 1.000000
15 19 8.000000
15 20 3.000000
15 21 4.000000
15 22 1.000000
15 23 5.000000
15 24 6.000000
15 25 6.000000
15 26 9.000000
15 27 7.000000
15 28 6.000000
15 29 7.000000
15 30 6.000000
15 31 9.000000
15 32 2.000000
15 33 8.000000
15 34 5.000000
15 35 7.000000
15 36 5.000000
15 37 5.000000
15 38 1.000000
15 39 8.000000
15 40 1.000000
15 41 9.000000
15 42 2.000000
15 43 2.000000
15 44 9.000000
15 45 9.000000
15 46 1.000000
15 47 3.000000
15 48 3.000000
15 49 9.000000
15 50 1.000000
15 51 3.000000
15 52 3.000000
15 53 1.000000
15 54 7.000000
15 55 8.000000
15 56 4.000000
15 57 4.000000
15 58 3.000000
15 59 9.000000
15 60 8.000000
15 61 6.000000
15 62 7.000000
15 63 9.000000
15 64 2.000000
15 65 9.000000
15 66 6.000000
15 67 6.000000
15 68 2.000000
15 69 6.000000
15 70 4.000000
15 71 2.000000
15 72 3.000000
15 73 3.000000
15 74 3.000000
15 75 1.000000
15 76 2.000000
15 77 1.000000
15 78 3.000000
15 79 2.000000
15 80 9.000000
15 81 4.000000
15 82 2.000000
15 83 9.000000
15 84 2.000000
15 85 7.000000
15 86 5.000000
15 87 6.000000
15 88 1.000000
15 89 5.000000
15 90 3.000000
15 91 7.000000
15 92 8.000000
15 93 7.000000
15 94 6.000000
15 95 9.000000
15 96 4.000000
15 97 3.000000
15 98 3.000000
15 99 5.000000
16 17 6.000000
16 18 4.000000
16 19 6.000000
16 20 7.000000
16 21 6.000000
16 22 6.000000
16 23 7.000000
16 24 6.000000
16 25 7.000000
16 26 9.000000
16 27 5.000000
16 28 4.000000
16 29 3.000000
16 30 5.000000
16 31 4.000000
16 32 3.000000
16 33 2.000000
16 34 6.000000
16 35 8.000000
16 36 9.000000
16 37 2.000000
16 38 8.000000
16 39 6.000000
16 40 9.000000
16 41 4.000000
16 42 3.000000
16 43 9.000000
16 44 7.000000
16 45 3.000000
16 46 2.000000
16 47 1.000000
16 48 8.000000
16 49 6.000000
16 50 6.000000
16 51 3.000000
16 52 9.000000
16 53 3.000000
16 54 9.000000
16 55 3.000000
16 56 7.000000
16 57 9.000000
16 58 6.000000
16 59 1.000000
16 60 9.000000
16 61 1.000000
16 62 2.000000
16 63 2.000000
16 64 2.000000
16 65 8.000000
16 66 7.000000
16 67 1.000000
16 68 9.000000
16 69 4.000000
16 70 7.000000
16 71 8.000000
16 72 7.000000
16 73 7.000000
16 74 5.000000
16 75 2.000000
16 76 9.000000
16 77 5.000000
16 78 2.000000
16 79 5.000000
16 80 1.000000
16 81 6.000000
16 82 8.000000
16 83 7.000000
16 84 6.000000
16 85 7.000000
16 86 8.000000
16 87 3.000000
16 88 4.000000
16 89 4.000000
16 90 1.000000
16 91 2.000000
16 92 4.000000
16 93 3.000000
16 94 1.000000
16 95 3.000000
16 96 1.000000
16 97 8.000000
16 98 3.000000
16 99 7.000000
17 18 9.000000
17 19 7.000000
17 20 3.000000
17 21 6.000000
17 22 4.000000
17 23 8.000000
17 24 5.000000
17 25 1.000000
17 26 3.000000
17 27 7.000000
17 28 6.000000
17 29 1.000000
17 30 1.000000
17 31 4.000000
17 32 5.000000
17 33 6.000000
17 34 8.000000
17 35 3.000000
17 36 6.000000
17 37 3.000000
17 38 6.000000
17 39 6.000000
17 40 2.000000
17 41 7.000000
17 42 8.000000
17 43 2.000000
17 44 9.000000
17 45 6.000000
17 46 7.000000
17 47 1.000000
17 48 1.000000
17 49 6.000000
17 50 5.000000
17 51 4.000000
17 52 9.000000
17 53 9.000000
17 54 9.000000
17 55 5.000000
17 56 9.000000
17 57 9.000000
17 58 9.000000
17 59 3.000000
17 60 7.000000
17 61 9.000000
17 62 6.000000
17 63 2.000000
17 64 3.000000
17 65 3.000000
17 66 3.000000
17 67 8.000000
17 68 3.000000
17 69 6.000000
17 70 4.000000
17 71 4.000000
17 72 4.000000
17 73 1.000000
17 74 5.000000
17 75 1.000000
17 76 4.000000
17 77 1.000000
17 78 8.000000
17 79 5.000000
17 80 6.000000
17 81 4.000000
17 82 8.000000
17 83 4.000000
17 84 3.000000
17 85 5.000000
17 86 6.000000
17 87 9.000000
17 88 4.000000
17 89 3.000000
17 90 3.000000
17 91 1.000000
17 92 9.000000
17 93 6.000000
17 94 9.000000
17 95 2.000000
17 96 6.000000
17 97 2.000000
17 98 7.000000
17 99 8.000000
18 19 8.000000
18 20 8.000000
18 21 2.000000
18 22 9.000000
18 23 8.000000
18 24 5.000000
18 25 7.000000
18 26 1.000000
18 27 5.000000
18 28 6.000000
18 29 5.000000
18 30 8.000000
18 31 9.000000
18 32 1.000000
18 33 9.000000
18 34 9.000000
18 35 5.000000
18 36 5.000000
18 37 8.000000
18 38 6.000000
18 39 5.000000
18 40 8.000000
18 41 6.000000
18 42 4.000000
18 43 3.000000
18 44 5.000000
18 45 3.000000
18 46 8.000000
18 47 7.000000
18 48 9.000000
18 49 5.000000
18 50 3.000000
18 51 8.000000
18 52 6.000000
18 53 9.000000
18 54 4.000000
18 55 8.000000
18 56 6.000000
18 57 4.000000
18 58 1.000000
18 59 2.000000
18 60 6.000000
18 61 9.000000
18 62 1.000000
18 63 4.000000
18 64 6.000000
18 65 9.000000
18 66 6.000000
18 67 2.000000
18 68 6.000000
18 69 2.000000
18 70 6.000000
18 71 2.000000
18 72 7.000000
18 73 8.000000
18 74 2.000000
18 75 1.000000
18 76 1.000000
18 77 8.000000
18 78 5.000000
18 79 1.000000
18 80 3.000000
18 81 7.000000
18 82 6.000000
18 83 6.000000
18 84 6.000000
18 85 9.000000
18 86 5.000000
18 87 2.000000
18 88 2.000000
18 89 5.000000
18 90 2.000000
18 91 7.000000
18 92 2.000000
18 93 2.000000
18 94 9.000000
18 95 8.000000
18 96 9.000000
18 97 5.000000
18 98 7.000000
18 99 3.000000
19 20 5.000000
19 21 1.000000
19 22 2.000000
19 23 9.000000
19 24 8.000000
19 25 2.000000
19 26 9.000000
19 27 9.000000
19 28 9.000000
19 29 4.000000
19 30 7.000000
19 31 9.000000
19 32 8.000000
19 33 3.000000
19 34 5.000000
19 35 2.000000
19 36 2.000000
19 37 7.000000
19 38 2.000000
19 39 3.000000
19 40 1.000000
19 41 3.000000
19 42 8.000000
19 43 9.000000
19 44 2.000000
19 45 5.000000
19 46 5.000000
19 47 8.000000
19 48 9.000000
19 49 2.000000
19 50 8.000000
19 51 4.000000
19 52 1.000000
19 53 1.000000
19 54 2.000000
19 55 8.000000
19 56 9.000000
19 57 1.000000
19 58 5.000000
19 59 6.000000
19 60 3.000000
19 61 2.000000
19 62 5.000000
19 63 8.000000
19 64 4.000000
19 65 7.000000
19 66 1.000000
19 67 4.000000
19 68 3.000000
19 69 2.000000
19 70 4.000000
19 71 3.000000
19 72 2.000000
19 73 9.000000
19 74 9.000000
19 75 3.000000
19 76 4.000000
19 77 5.000000
19 78 9.000000
19 79 2.000000
19 80 4.000000
19 81 7.000000
19 82 3.000000
19 83 4.000000
19 84 5.000000
19 85 4.000000
19 86 1.000000
19 87 4.000000
19 88 5.000000
19 89 5.000000
19 90 9.000000
19 91 5.000000
19 92 7.000000
19 93 2.000000
19 94 3.000000
19 95 8.000000
19 96 9.000000
19 97 3.000000
19 98 9.000000
19 99 9.000000
20 21 2.000000
20 22 2.000000
20 23 2.000000
20 24 3.000000
20 25 1.000000
20 26 8.000000
20 27 4.000000
20 28 5.000000
20 29 3.000000
20 30 3.000000
20 31 6.000000
20 32 5.000000
20 33 9.000000
20 34 6.000000
20 35 8.000000
20 36 3.000000
20 37 1.000000
20 38 8.000000
20 39 6.000000
20 40 3.000000
20 41 4.000000
20 42 4.000000
20 43 7.000000
20 44 8.000000
20 45 3.000000
20 46 9.000000
20 47 4.000000
20 48 9.000000
20 49 1.000000
20 50 2.000000
20 51 8.000000
20 52 2.000000
20 53 3.000000
20 54 7.000000
20 55 3.000000
20 56 3.000000
20 57 6.000000
20 58 6.000000
20 59 5.000000
20 60 6.000000
20 61 6.000000
20 62 8.000000
20 63 1.000000
20 64 3.000000
20 65 5.000000
20 66 9.000000
20 67 5.000000
20 68 5.000000
20 69 5.000000
20 70 9.000000
20 71 7.000000
20 72 6.000000
20 73 1.000000
20 74 2.000000
20 75 2.000000
20 76 3.000000
20 77 8.000000
20 78 6.000000
20 79 1.000000
20 80 8.000000
20 81 7.000000
20 82 8.000000
20 83 8.000000
20 84 9.000000
20 85 6.000000
20 86 8.000000
20 87 9.000000
20 88 9.000000
20 89 2.000000
20 90 5.000000
20 91 5.000000
20 92 7.000000
20 93 3.000000
20 94 6.000000
20 95 9.000000
20 96 7.000000
20 97 3.000000
20 98 3.000000
20 99 9.000000
21 22 7.000000
21 23 9.000000
21 24 4.000000
21 25 2.000000
21 26 9.000000
21 27 5.000000
21 28 3.000000
21 29 9.000000
21 30 4.000000
21 31 6.000000
21 32 9.000000
21 33 9.000000
21 34 3.000000
21 35 6.000000
21 36 5.000000
21 37 9.000000
21 38 2.000000
21 39 1.000000
21 40 9.000000
21 41 1.000000
21 42 2.000000
21 43 2.000000
21 44 3.000000
21 45 8.000000
21 46 4.000000
21 47 8.000000
21 48 6.000000
21 49 9.000000
21 50 8.000000
21 51 6.000000
21 52 6.000000
21 53 6.000000
21 54 5.000000
21 55 1.000000
21 56 5.000000
21 57 2.000000
21 58 5.000000
21 59 7.000000
21 60 8.000000
21 61 6.000000
21 62 4.000000
21 63 8.000000
21 64 4.000000
21 65 4.000000
21 66 4.000000
21 67 6.000000
21 68 4.000000
21 69 3.000000
21 70 7.000000
21 71 1.000000
21 72 1.000000
21 73 8.000000
21 74 9.000000
21 75 3.000000
21 76 5.000000
21 77 1.000000
21 78 9.000000
21 79 8.000000
21 80 9.000000
21 81 7.000000
21 82 2.000000
21 83 6.000000
21 84 1.000000
21 85 4.000000
21 86 4.000000
21 87 5.000000
21 88 5.000000
21 89 6.000000
21 90 3.000000
21 91 1.000000
21 92 3.000000
21 93 4.000000
21 94 8.000000
21 95 4.000000
21 96 7.000000
21 97 9.000000
21 98 9.000000
21 99 8.000000
22 23 9.000000
22 24 4.000000
22 25 6.000000
22 26 7.000000
22 27 3.000000
22 28 5.000000
22 29 1.000000
22 30 5.000000
22 31 6.000000
22 32 7.000000
22 33 1.000000
22 34 3.000000
22 35 2.000000
22 36 2.000000
22 37 6.000000
22 38 3.000000
22 39 5.000000
22 40 9.000000
22 41 5.000000
22 42 7.000000
22 43 6.000000
22 44 5.000000
22 45 7.000000
22 46 6.000000
22 47 8.000000
22 48 4.000000
22 49 7.000000
22 50 4.000000
22 51 1.000000
22 52 4.000000
22 53 9.000000
22 54 1.000000
22 55 8.000000
22 56 6.000000
22 57 7.000000
22 58 8.000000
22 59 8.000000
22 60 5.000000
22 61 3.000000
22 62 2.000000
22 63 9.000000
22 64 3.000000
22 65 3.000000
22 66 2.000000
22 67 4.000000
22 68 8.000000
22 69 2.000000
22 70 6.000000
22 71 6.000000
22 72 4.000000
22 73 3.000000
22 74 9.000000
22 75 9.000000
22 76 9.000000
22 77 3.000000
22 78 5.000000
22 79 3.000000
22 80 9.000000
22 81 6.000000
22 82 4.000000
22 83 3.000000
22 84 6.000000
22 85 2.000000
22 86 1.000000
22 87 9.000000
22 88 6.000000
22 89 6.000000
22 90 7.000000
22 91 2.000000
22 92 8.000000
22 93 7.000000
22 94 8.000000
22 95 8.000000
22 96 9.000000
22 97 9.000000
22 98 9.000000
22 99 5.000000
23 24 8.000000
23 25 5.000000
23 26 1.000000
23 27 3.000000
23 28 7.000000
23 29 7.000000
23 30 9.000000
23 31 5.000000
23 32 9.000000
23 33 2.000000
23 34 5.000000
23 35 6.000000
23 36 8.000000
23 37 8.000000
23 38 9.000000
23 39 4.000000
23 40 7.000000
23 41 7.000000
23 42 1.000000
23 43 4.000000
23 44 2.000000
23 45 7.000000
23 46 3.000000
23 47 9.000000
23 48 2.000000
23 49 1.000000
23 50 8.000000
23 51 1.000000
23 52 8.000000
23 53 7.000000
23 54 4.000000
23 55 4.000000
23 56 1.000000
23 57 2.000000
23 58 4.000000
23 59 7.000000
23 60 9.000000
23 61 3.000000
23 62 9.000000
23 63 6.000000
23 64 5.000000
23 65 5.000000
23 66 3.000000
23 67 1.000000
23 68 1.000000
23 69 9.000000
23 70 4.000000
23 71 8.000000
23 72 4.000000
23 73 4.000000
23 74 2.000000
23 75 5.000000
23 76 8.000000
23 77 2.000000
23 78 3.000000
23 79 8.000000
23 80 9.000000
23 81 1.000000
23 82 8.000000
23 83 5.000000
23 84 5.000000
23 85 9.000000
23 86 9.000000
23 87 3.000000
23 88 2.000000
23 89 3.000000
23 90 1.000000
23 91 1.000000
23 92 4.000000
23 93 7.000000
23 94 4.000000
23 95 6.000000
23 96 2.000000
23 97 6.000000
23 98 6.000000
23 99 3.000000
24 25 3.000000
24 26 9.000000
24 27 1.000000
24 28 7.000000
24 29 1.000000
24 30 9.000000
24 31 2.000000
24 32 6.000000
24 33 8.000000
24 34 2.000000
24 35 4.000000
24 36 7.000000
24 37 9.000000
24 38 1.000000
24 39 3.000000
24 40 5.000000
24 41 9.000000
24 42 9.000000
24 43 7.000000
24 44 1.000000
24 45 9.000000
24 46 5.000000
24 47 8.000000
24 48 3.000000
24 49 3.000000
24 50 3.000000
24 51 8.000000
24 52 2.000000
24 53 6.000000
24 54 4.000000
24 55 4.000000
24 56 9.000000
24 57 1.000000
24 58 2.000000
24 59 4.000000
24 60 8.000000
24 61 8.000000
24 62 3.000000
24 63 5.000000
24 64 6.000000
24 65 5.000000
24 66 6.000000
24 67 4.000000
24 68 4.000000
24 69 4.000000
24 70 4.000000
24 71 6.000000
24 72 4.000000
24 73 3.000000
24 74 4.000000
24 75 2.000000
24 76 2.000000
24 77 6.000000
24 78 8.000000
24 79 3.000000
24 80 6.000000
24 81 8.000000
24 82 1.000000
24 83 8.000000
24 84 2.000000
24 85 3.000000
24 86 9.000000
24 87 1.000000
24 88 3.000000
24 89 2.000000
24 90 4.000000
24 91 2.000000
24 92 9.000000
24 93 7.000000
24 94 4.000000
24 95 4.000000
24 96 2.000000
24 97 7.000000
24 98 7.000000
24 99 3.000000
25 26 2.000000
25 27 8.000000
25 28 9.000000
25 29 3.000000
25 30 1.000000
25 31 1.000000
25 32 2.000000
25 33 9.000000
25 34 6.000000
25 35 7.000000
25 36 2.000000
25 37 1.000000
25 38 5.000000
25 39 3.000000
25 40 6.000000
25 41 7.000000
25 42 3.000000
25 43 3.000000
25 44 5.000000
25 45 5.000000
25 46 2.000000
25 47 9.000000
25 48 4.000000
25 49 2.000000
25 50 4.000000
25 51 7.000000
25 52 5.000000
25 53 3.000000
25 54 5.000000
25 55 9.000000
25 56 5.000000
25 57 4.000000
25 58 7.000000
25 59 4.000000
25 60 6.000000
25 61 5.000000
25 62 4.000000
25 63 5.000000
25 64 4.000000
25 65 8.000000
25 66 3.000000
25 67 4.000000
25 68 6.000000
25 69 7.000000
25 70 4.000000
25 71 9.000000
25 72 2.000000
25 73 6.000000
25 74 2.000000
25 75 7.000000
25 76 1.000000
25 77 4.000000
25 78 4.000000
25 79 5.000000
25 80 3.000000
25 81 7.000000
25 82 9.000000
25 83 5.000000
25 84 7.000000
25 85 2.000000
25 86 4.000000
25 87 9.000000
25 88 3.000000
25 89 8.000000
25 90 4.000000
25 91 6.000000
25 92 3.000000
25 93 5.000000
25 94 2.000000
25 95 4.000000
25 96 1.000000
25 97 4.000000
25 98 5.000000
25 99 6.000000
26 27 8.000000
26 28 8.000000
26 29 3.000000
26 30 1.000000
26 31 4.000000
26 32 5.000000
26 33 5.000000
26 34 3.000000
26 35 8.000000
26 36 8.000000
26 37 5.000000
26 38 8.000000
26 39 3.000000
26 40 2.000000
26 41 3.000000
26 42 7.000000
26 43 2.000000
26 44 4.000000
26 45 6.000000
26 46 4.000000
26 47 2.000000
26 48 7.000000
26 49 1.000000
26 50 2.000000
26 51 3.000000
26 52 2.000000
26 53 3.000000
26 54 1.000000
26 55 3.000000
26 56 8.000000
26 57 5.000000
26 58 1.000000
26 59 6.000000
26 60 7.000000
26 61 8.000000
26 62 8.000000
26 63 9.000000
26 64 3.000000
26 65 1.000000
26 66 7.000000
26 67 8.000000
26 68 3.000000
26 69 3.000000
26 70 8.000000
26 71 4.000000
26 72 5.000000
26 73 5.000000
26 74 5.000000
26 75 8.000000
26 76 9.000000
26 77 9.000000
26 78 7.000000
26 79 6.000000
26 80 7.000000
26 81 6.000000
26 82 6.000000
26 83 6.000000
26 84 9.000000
26 85 7.000000
26 86 8.000000
26 87 7.000000
26 88 2.000000
26 89 6.000000
26 90 1.000000
26 91 6.000000
26 92 5.000000
26 93 6.000000
26 94 6.000000
26 95 5.000000
26 96 6.000000
26 97 1.000000
26 98 2.000000
26 99 6.000000
27 28 4.000000
27 29 9.000000
27 30 8.000000
27 31 6.000000
27 32 3.000000
27 33 3.000000
27 34 3.000000
27 35 2.000000
27 36 9.000000
27 37 9.000000
27 38 5.000000
27 39 6.000000
27 40 6.000000
27 41 2.000000
27 42 9.000000
27 43 3.000000
27 44 8.000000
27 45 7.000000
27 46 7.000000
27 47 7.000000
27 48 4.000000
27 49 5.000000
27 50 1.000000
27 51 6.000000
27 52 2.000000
27 53 6.000000
27 54 1.000000
27 55 5.000000
27 56 5.000000
27 57 9.000000
27 58 2.000000
27 59 8.000000
27 60 7.000000
27 61 9.000000
27 62 4.000000
27 63 9.000000
27 64 9.000000
27 65 4.000000
27 66 8.000000
27 67 9.000000
27 68 4.000000
27 69 3.000000
27 70 3.000000
27 71 7.000000
27 72 2.000000
27 73 3.000000
27 74 9.000000
27 75 7.000000
27 76 7.000000
27 77 4.000000
27 78 4.000000
27 79 1.000000
27 80 8.000000
27 81 3.000000
27 82 4.000000
27 83 9.000000
27 84 8.000000
27 85 5.000000
27 86 5.000000
27 87 1.000000
27 88 2.000000
27 89 4.000000
27 90 8.000000
27 91 8.000000
27 92 3.000000
27 93 1.000000
27 94 5.000000
27 95 9.000000
27 96 4.000000
27 97 1.000000
27 98 8.000000
27 99 5.000000
28 29 4.000000
28 30 9.000000
28 31 9.000000
28 32 3.000000
28 33 9.000000
28 34 6.000000
28 35 1.000000
28 36 4.000000
28 37 9.000000
28 38 2.000000
28 39 3.000000
28 40 8.000000
28 41 4.000000
28 42 6.000000
28 43 5.000000
28 44 1.000000
28 45 8.000000
28 46 7.000000
28 47 1.000000
28 48 1.000000
28 49 1.000000
28 50 7.000000
28 51 6.000000
28 52 3.000000
28 53 7.000000
28 54 2.000000
28 55 3.000000
28 56 8.000000
28 57 2.000000
28 58 8.000000
28 59 2.000000
28 60 3.000000
28 61 5.000000
28 62 1.000000
28 63 6.000000
28 64 2.000000
28 65 7.000000
28 66 6.000000
28 67 4.000000
28 68 6.000000
28 69 7.000000
28 70 6.000000
28 71 2.000000
28 72 9.000000
28 73 2.000000
28 74 7.000000
28 75 9.000000
28 76 1.000000
28 77 4.000000
28 78 9.000000
28 79 8.000000
28 80 3.000000
28 81 6.000000
28 82 4.000000
28 83 3.000000
28 84 1.000000
28 85 5.000000
28 86 3.000000
28 87 7.000000
28 88 5.000000
28 89 2.000000
28 90 8.000000
28 91 7.000000
28 92 4.000000
28 93 8.000000
28 94 1.000000
28 95 4.000000
28 96 5.000000
28 97 4.000000
28 98 7.000000
28 99 2.000000
29 30 9.000000
29 31 3.000000
29 32 1.000000
29 33 8.000000
29 34 2.000000
29 35 5.000000
29 36 7.000000
29 37 2.000000
29 38 7.000000
29 39 4.000000
29 40 7.000000
29 41 9.000000
29 42 8.000000
29 43 2.000000
29 44 2.000000
29 45 8.000000
29 46 4.000000
29 47 5.000000
29 48 5.000000
29 49 8.000000
29 50 4.000000
29 51 3.000000
29 52 4.000000
29 53 5.000000
29 54 2.000000
29 55 2.000000
29 56 8.000000
29 57 4.000000
29 58 6.000000
29 59 3.000000
29 60 3.000000
29 61 5.000000
29 62 5.000000
29 63 4.000000
29 64 1.000000
29 65 7.000000
29 66 6.000000
29 67 7.000000
29 68 6.000000
29 69 3.000000
29 70 8.000000
29 71 2.000000
29 72 2.000000
29 73 6.000000
29 74 1.000000
29 75 2.000000
29 76 3.000000
29 77 4.000000
29 78 6.000000
29 79 5.000000
29 80 1.000000
29 81 7.000000
29 82 6.000000
29 83 2.000000
29 84 2.000000
29 85 5.000000
29 86 3.000000
29 87 1.000000
29 88 8.000000
29 89 6.000000
29 90 3.000000
29 91 2.000000
29 92 1.000000
29 93 6.000000
29 94 3.000000
29 95 1.000000
29 96 1.000000
29 97 8.000000
29 98 5.000000
29 99 4.000000
30 31 2.000000
30 32 2.000000
30 33 5.000000
30 34 1.000000
30 35 7.000000
30 36 5.000000
30 37 2.000000
30 38 7.000000
30 39 7.000000
30 40 5.000000
30 41 3.000000
30 42 5.000000
30 43 2.000000
30 44 8.000000
30 45 6.000000
30 46 4.000000
30 47 3.000000
30 48 6.000000
30 49 2.000000
30 50 8.000000
30 51 3.000000
30 52 2.000000
30 53 9.000000
30 54 3.000000
30 55 5.000000
30 56 9.000000
30 57 2.000000
30 58 3.000000
30 59 6.000000
30 60 4.000000
30 61 7.000000
30 62 7.000000
30 63 5.000000
30 64 9.000000
30 65 5.000000
30 66 1.000000
30 67 3.000000
30 68 5.000000
30 69 7.000000
30 70 7.000000
30 71 9.000000
30 72 7.000000
30 73 2.000000
30 74 9.000000
30 75 5.000000
30 76 7.000000
30 77 1.000000
30 78 5.000000
30 79 3.000000
30 80 9.000000
30 81 4.000000
30 82 3.000000
30 83 1.000000
30 84 1.000000
30 85 4.000000
30 86 6.000000
30 87 8.000000
30 88 5.000000
30 89 8.000000
30 90 4.000000
30 91 8.000000
30 92 3.000000
30 93 8.000000
30 94 2.000000
30 95 1.000000
30 96 3.000000
30 97 2.000000
30 98 3.000000
30 99 5.000000
31 32 8.000000
31 33 9.000000
31 34 3.000000
31 35 6.000000
31 36 1.000000
31 37 2.000000
31 38 8.000000
31 39 5.000000
31 40 9.000000
31 41 2.000000
31 42 5.000000
31 43 8.000000
31 44 3.000000
31 45 8.000000
31 46 8.000000
31 47 3.000000
31 48 2.000000
31 49 2.000000
31 50 8.000000
31 51 4.000000
31 52 8.000000
31 53 2.000000
31 54 9.000000
31 55 8.000000
31 56 9.000000
31 57 1.000000
31 58 8.000000
31 59 1.000000
31 60 2.000000
31 61 8.000000
31 62 3.000000
31 63 8.000000
31 64 7.000000
31 65 5.000000
31 66 4.000000
31 67 5.000000
31 68 6.000000
31 69 9.000000
31 70 7.000000
31 71 5.000000
31 72 1.000000
31 73 3.000000
31 74 3.000000
31 75 3.000000
31 76 8.000000
31 77 9.000000
31 78 4.000000
31 79 7.000000
31 80 8.000000
31 81 9.000000
31 82 1.000000
31 83 6.000000
31 84 2.000000
31 85 9.000000
31 86 3.000000
31 87 8.000000
31 88 1.000000
31 89 1.000000
31 90 6.000000
31 91 9.000000
31 92 9.000000
31 93 9.000000
31 94 7.000000
31 95 4.000000
31 96 4.000000
31 97 8.000000
31 98 9.000000
31 99 8.000000
32 33 6.000000
32 34 4.000000
32 35 1.000000
32 36 6.000000
32 37 6.000000
32 38 2.000000
32 39 7.000000
32 40 2.000000
32 41 8.000000
32 42 8.000000
32 43 8.000000
32 44 6.000000
32 45 7.000000
32 46 8.000000
32 47 1.000000
32 48 6.000000
32 49 6.000000
32 50 3.000000
32 51 3.000000
32 52 6.000000
32 53 1.000000
32 54 8.000000
32 55 3.000000
32 56 9.000000
32 57 5.000000
32 58 8.000000
32 59 2.000000
32 60 7.000000
32 61 6.000000
32 62 8.000000
32 63 3.000000
32 64 2.000000
32 65 2.000000
32 66 1.000000
32 67 6.000000
32 68 6.000000
32 69 2.000000
32 70 1.000000
32 71 7.000000
32 72 7.000000
32 73 8.000000
32 74 6.000000
32 75 4.000000
32 76 3.000000
32 77 2.000000
32 78 2.000000
32 79 9.000000
32 80 7.000000
32 81 2.000000
32 82 9.000000
32 83 1.000000
32 84 2.000000
32 85 7.000000
32 86 4.000000
32 87 9.000000
32 88 1.000000
32 89 2.000000
32 90 1.000000
32 91 7.000000
32 92 5.000000
32 93 8.000000
32 94 7.000000
32 95 5.000000
32 96 7.000000
32 97 7.000000
32 98 8.000000
32 99 3.000000
33 34 7.000000
33 35 8.000000
33 36 1.000000
33 37 4.000000
33 38 4.000000
33 39 4.000000
33 40 5.000000
33 41 4.000000
33 42 5.000000
33 43 6.000000
33 44 1.000000
33 45 3.000000
33 46 5.000000
33 47 9.000000
33 48 1.000000
33 49 5.000000
33 50 7.000000
33 51 4.000000
33 52 4.000000
33 53 5.000000
33 54 3.000000
33 55 2.000000
33 56 9.000000
33 57 8.000000
33 58 7.000000
33 59 6.000000
33 60 3.000000
33 61 4.000000
33 62 3.000000
33 63 1.000000
33 64 7.000000
33 65 9.000000
33 66 6.000000
33 67 5.000000
33 68 2.000000
33 69 7.000000
33 70 8.000000
33 71 6.000000
33 72 1.000000
33 73 3.000000
33 74 1.000000
33 75 2.000000
33 76 3.000000
33 77 5.000000
33 78 1.000000
33 79 2.000000
33 80 9.000000
33 81 5.000000
33 82 5.000000
33 83 1.000000
33 84 9.000000
33 85 8.000000
33 86 9.000000
33 87 8.000000
33 88 4.000000
33 89 6.000000
33 90 2.000000
33 91 4.000000
33 92 8.000000
33 93 3.000000
33 94 4.000000
33 95 5.000000
33 96 9.000000
33 97 7.000000
33 98 9.000000
33 99 1.000000
34 35 4.000000
34 36 5.000000
34 37 7.000000
34 38 4.000000
34 39 5.000000
34 40 5.000000
34 41 3.000000
34 42 6.000000
34 43 9.000000
34 44 4.000000
34 45 7.000000
34 46 7.000000
34 47 8.000000
34 48 2.000000
34 49 7.000000
34 50 6.000000
34 51 7.000000
34 52 7.000000
34 53 2.000000
34 54 1.000000
34 55 1.000000
34 56 4.000000
34 57 2.000000
34 58 8.000000
34 59 6.000000
34 60 5.000000
34 61 1.000000
34 62 3.000000
34 63 9.000000
34 64 7.000000
34 65 4.000000
34 66 1.000000
34 67 2.000000
34 68 8.000000
34 69 5.000000
34 70 7.000000
34 71 3.000000
34 72 5.000000
34 73 3.000000
34 74 2.000000
34 75 8.000000
34 76 7.000000
34 77 6.000000
34 78 5.000000
34 79 8.000000
34 80 4.000000
34 81 8.000000
34 82 4.000000
34 83 8.000000
34 84 9.000000
34 85 2.000000
34 86 6.000000
34 87 1.000000
34 88 4.000000
34 89 5.000000
34 90 4.000000
34 91 6.000000
34 92 3.000000
34 93 7.000000
34 94 6.000000
34 95 1.000000
34 96 1.000000
34 97 6.000000
34 98 2.000000
34 99 6.000000
35 36 8.000000
35 37 6.000000
35 38 8.000000
35 39 2.000000
35 40 6.000000
35 41 7.000000
35 42 7.000000
35 43 3.000000
35 44 4.000000
35 45 2.000000
35 46 9.000000
35 47 5.000000
35 48 7.000000
35 49 3.000000
35 50 3.000000
35 51 5.000000
35 52 2.000000
35 53 6.000000
35 54 3.000000
35 55 5.000000
35 56 8.000000
35 57 7.000000
35 58 9.000000
35 59 2.000000
35 60 2.000000
35 61 5.000000
35 62 2.000000
35 63 9.000000
35 64 8.000000
35 65 1.000000
35 66 5.000000
35 67 5.000000
35 68 7.000000
35 69 3.000000
35 70 6.000000
35 71 3.000000
35 72 9.000000
35 73 3.000000
35 74 4.000000
35 75 3.000000
35 76 3.000000
35 77 3.000000
35 78 7.000000
35 79 7.000000
35 80 3.000000
35 81 7.000000
35 82 2.000000
35 83 4.000000
35 84 2.000000
35 85 5.000000
35 86 9.000000
35 87 9.000000
35 88 9.000000
35 89 8.000000
35 90 1.000000
35 91 1.000000
35 92 1.000000
35 93 2.000000
35 94 7.000000
35 95 6.000000
35 96 1.000000
35 97 2.000000
35 98 8.000000
35 99 7.000000
36 37 2.000000
36 38 2.000000
36 39 7.000000
36 40 1.000000
36 41 5.000000
36 42 8.000000
36 43 2.000000
36 44 5.000000
36 45 1.000000
36 46 6.000000
36 47 2.000000
36 48 3.000000
36 49 2.000000
36 50 2.000000
36 51 7.000000
36 52 3.000000
36 53 4.000000
36 54 4.000000
36 55 2.000000
36 56 3.000000
36 57 9.000000
36 58 1.000000
36 59 1.000000
36 60 7.000000
36 61 9.000000
36 62 7.000000
36 63 1.000000
36 64 9.000000
36 65 8.000000
36 66 9.000000
36 67 4.000000
36 68 7.000000
36 69 1.000000
36 70 9.000000
36 71 7.000000
36 72 3.000000
36 73 7.000000
36 74 6.000000
36 75 5.000000
36 76 8.000000
36 77 3.000000
36 78 5.000000
36 79 8.000000
36 80 2.000000
36 81 6.000000
36 82 3.000000
36 83 4.000000
36 84 7.000000
36 85 6.000000
36 86 3.000000
36 87 9.000000
36 88 3.000000
36 89 3.000000
36 90 9.000000
36 91 7.000000
36 92 3.000000
36 93 4.000000
36 94 8.000000
36 95 9.000000
36 96 9.000000
36 97 7.000000
36 98 4.000000
36 99 6.000000
37 38 5.000000
37 39 3.000000
37 40 1.000000
37 41 6.000000
37 42 9.000000
37 43 7.000000
37 44 1.000000
37 45 5.000000
37 46 7.000000
37 47 3.000000
37 48 4.000000
37 49 8.000000
37 50 6.000000
37 51 6.000000
37 52 9.000000
37 53 3.000000
37 54 1.000000
37 55 2.000000
37 56 2.000000
37 57 1.000000
37 58 3.000000
37 59 8.000000
37 60 8.000000
37 61 5.000000
37 62 9.000000
37 63 6.000000
37 64 2.000000
37 65 8.000000
37 66 1.000000
37 67 5.000000
37 68 4.000000
37 69 3.000000
37 70 7.000000
37 71 3.000000
37 72 8.000000
37 73 5.000000
37 74 9.000000
37 75 7.000000
37 76 9.000000
37 77 4.000000
37 78 9.000000
37 79 1.000000
37 80 2.000000
37 81 6.000000
37 82 5.000000
37 83 1.000000
37 84 8.000000
37 85 5.000000
37 86 2.000000
37 87 8.000000
37 88 3.000000
37 89 2.000000
37 90 4.000000
37 91 1.000000
37 92 6.000000
37 93 4.000000
37 94 4.000000
37 95 6.000000
37 96 9.000000
37 97 4.000000
37 98 1.000000
37 99 2.000000
38 39 5.000000
38 40 6.000000
38 41 4.000000
38 42 3.000000
38 43 8.000000
38 44 1.000000
38 45 9.000000
38 46 7.000000
38 47 4.000000
38 48 7.000000
38 49 6.000000
38 50 5.000000
38 51 3.000000
38 52 1.000000
38 53 3.000000
38 54 8.000000
38 55 3.000000
38 56 2.000000
38 57 6.000000
38 58 5.000000
38 59 4.000000
38 60 8.000000
38 61 6.000000
38 62 7.000000
38 63 9.000000
38 64 7.000000
38 65 3.000000
38 66 8.000000
38 67 2.000000
38 68 2.000000
38 69 7.000000
38 70 4.000000
38 71 7.000000
38 72 1.000000
38 73 6.000000
38 74 5.000000
38 75 8.000000
38 76 4.000000
38 77 9.000000
38 78 2.000000
38 79 1.000000
38 80 3.000000
38 81 4.000000
38 82 1.000000
38 83 3.000000
38 84 6.000000
38 85 8.000000
38 86 5.000000
38 87 8.000000
38 88 3.000000
38 89 1.000000
38 90 9.000000
38 91 1.000000
38 92 4.000000
38 93 6.000000
38 94 9.000000
38 95 1.000000
38 96 9.000000
38 97 5.000000
38 98 9.000000
38 99 1.000000
39 40 1.000000
39 41 3.000000
39 42 5.000000
39 43 8.000000
39 44 7.000000
39 45 7.000000
39 46 7.000000
39 47 1.000000
39 48 4.000000
39 49 8.000000
39 50 8.000000
39 51 7.000000
39 52 3.000000
39 53 8.000000
39 54 9.000000
39 55 6.000000
39 56 6.000000
39 57 5.000000
39 58 2.000000
39 59 8.000000
39 60 3.000000
39 61 1.000000
39 62 6.000000
39 63 6.000000
39 64 7.000000
39 65 3.000000
39 66 4.000000
39 67 4.000000
39 68 6.000000
39 69 4.000000
39 70 4.000000
39 71 6.000000
39 72 4.000000
39 73 6.000000
39 74 4.000000
39 75 1.000000
39 76 3.000000
39 77 1.000000
39 78 8.000000
39 79 6.000000
39 80 7.000000
39 81 6.000000
39 82 3.000000
39 83 7.000000
39 84 2.000000
39 85 3.000000
39 86 3.000000
39 87 6.000000
39 88 5.000000
39 89 5.000000
39 90 4.000000
39 91 5.000000
39 92 3.000000
39 93 8.000000
39 94 1.000000
39 95 9.000000
39 96 1.000000
39 97 4.000000
39 98 1.000000
39 99 6.000000
40 41 5.000000
40 42 2.000000
40 43 9.000000
40 44 9.000000
40 45 7.000000
40 46 4.000000
40 47 9.000000
40 48 7.000000
40 49 4.000000
40 50 6.000000
40 51 4.000000
40 52 8.000000
40 53 2.000000
40 54 4.000000
40 55 5.000000
40 56 2.000000
40 57 4.000000
40 58 6.000000
40 59 7.000000
40 60 8.000000
40 61 8.000000
40 62 1.000000
40 63 3.000000
40 64 1.000000
40 65 6.000000
40 66 1.000000
40 67 8.000000
40 68 7.000000
40 69 3.000000
40 70 8.000000
40 71 1.000000
40 72 7.000000
40 73 1.000000
40 74 1.000000
40 75 4.000000
40 76 5.000000
40 77 4.000000
40 78 2.000000
40 79 3.000000
40 80 5.000000
40 81 7.000000
40 82 4.000000
40 83 4.000000
40 84 6.000000
40 85 7.000000
40 86 6.000000
40 87 7.000000
40 88 2.000000
40 89 2.000000
40 90 4.000000
40 91 7.000000
40 92 9.000000
40 93 3.000000
40 94 8.000000
40 95 1.000000
40 96 8.000000
40 97 6.000000
40 98 6.000000
40 99 3.000000
41 42 8.000000
41 43 4.000000
41 44 4.000000
41 45 4.000000
41 46 2.000000
41 47 2.000000
41 48 5.000000
41 49 5.000000
41 50 5.000000
41 51 6.000000
41 52 7.000000
41 53 7.000000
41 54 3.000000
41 55 8.000000
41 56 8.000000
41 57 7.000000
41 58 5.000000
41 59 5.000000
41 60 4.000000
41 61 4.000000
41 62 6.000000
41 63 8.000000
41 64 9.000000
41 65 4.000000
41 66 1.000000
41 67 7.000000
41 68 2.000000
41 69 6.000000
41 70 3.000000
41 71 7.000000
41 72 9.000000
41 73 9.000000
41 74 1.000000
41 75 1.000000
41 76 3.000000
41 77 1.000000
41 78 2.000000
41 79 7.000000
41 80 5.000000
41 81 4.000000
41 82 2.000000
41 83 9.000000
41 84 1.000000
41 85 4.000000
41 86 7.000000
41 87 7.000000
41 88 1.000000
41 89 9.000000
41 90 9.000000
41 91 3.000000
41 92 4.000000
41 93 5.000000
41 94 1.000000
41 95 3.000000
41 96 6.000000
41 97 8.000000
41 98 7.000000
41 99 7.000000
42 43 2.000000
42 44 9.000000
42 45 4.000000
42 46 1.000000
42 47 8.000000
42 48 3.000000
42 49 1.000000
42 50 8.000000
42 51 1.000000
42 52 9.000000
42 53 4.000000
42 54 5.000000
42 55 3.000000
42 56 5.000000
42 57 2.000000
42 58 2.000000
42 59 6.000000
42 60 6.000000
42 61 8.000000
42 62 5.000000
42 63 5.000000
42 64 7.000000
42 65 7.000000
42 66 6.000000
42 67 9.000000
42 68 5.000000
42 69 6.000000
42 70 6.000000
42 71 3.000000
42 72 3.000000
42 73 1.000000
42 74 4.000000
42 75 1.000000
42 76 5.000000
42 77 3.000000
42 78 6.000000
42 79 5.000000
42 80 1.000000
42 81 3.000000
42 82 5.000000
42 83 1.000000
42 84 6.000000
42 85 7.000000
42 86 3.000000
42 87 8.000000
42 88 8.000000
42 89 4.000000
42 90 4.000000
42 91 4.000000
42 92 9.000000
42 93 8.000000
42 94 6.000000
42 95 6.000000
42 96 5.000000
42 97 1.000000
42 98 4.000000
42 99 9.000000
43 44 6.000000
43 45 7.000000
43 46 9.000000
43 47 7.000000
43 48 7.000000
43 49 2.000000
43 50 5.000000
43 51 2.000000
43 52 4.000000
43 53 8.000000
43 54 6.000000
43 55 4.000000
43 56 1.000000
43 57 8.000000
43 58 4.000000
43 59 4.000000
43 60 5.000000
43 61 5.000000
43 62 2.000000
43 63 3.000000
43 64 6.000000
43 65 6.000000
43 66 4.000000
43 67 6.000000
43 68 4.000000
43 69 8.000000
43 70 9.000000
43 71 9.000000
43 72 8.000000
43 73 1.000000
43 74 6.000000
43 75 4.000000
43 76 7.000000
43 77 6.000000
43 78 8.000000
43 79 5.000000
43 80 7.000000
43 81 3.000000
43 82 4.000000
43 83 1.000000
43 84 2.000000
43 85 8.000000
43 86 2.000000
43 87 2.000000
43 88 6.000000
43 89 4.000000
43 90 6.000000
43 91 9.000000
43 92 6.000000
43 93 5.000000
43 94 2.000000
43 95 2.000000
43 96 1.000000
43 97 4.000000
43 98 7.000000
43 99 5.000000
44 45 2.000000
44 46 5.000000
44 47 2.000000
44 48 9.000000
44 49 5.000000
44 50 5.000000
44 51 1.000000
44 52 1.000000
44 53 1.000000
44 54 9.000000
44 55 5.000000
44 56 5.000000
44 57 2.000000
44 58 6.000000
44 59 3.000000
44 60 1.000000
44 61 2.000000
44 62 5.000000
44 63 3.000000
44 64 8.000000
44 65 6.000000
44 66 6.000000
44 67 7.000000
44 68 2.000000
44 69 1.000000
44 70 6.000000
44 71 3.000000
44 72 9.000000
44 73 7.000000
44 74 8.000000
44 75 2.000000
44 76 8.000000
44 77 1.000000
44 78 3.000000
44 79 5.000000
44 80 5.000000
44 81 5.000000
44 82 6.000000
44 83 5.000000
44 84 6.000000
44 85 5.000000
44 86 7.000000
44 87 1.000000
44 88 4.000000
44 89 2.000000
44 90 4.000000
44 91 3.000000
44 92 3.000000
44 93 6.000000
44 94 3.000000
44 95 8.000000
44 96 2.000000
44 97 8.000000
44 98 3.000000
44 99 1.000000
45 46 6.000000
45 47 9.000000
45 48 3.000000
45 49 3.000000
45 50 4.000000
45 51 8.000000
45 52 4.000000
45 53 3.000000
45 54 8.000000
45 55 4.000000
45 56 7.000000
45 57 2.000000
45 58 9.000000
45 59 1.000000
45 60 4.000000
45 61 3.000000
45 62 3.000000
45 63 9.000000
45 64 3.000000
45 65 5.000000
45 66 1.000000
45 67 4.000000
45 68 7.000000
45 69 3.000000
45 70 7.000000
45 71 9.000000
45 72 9.000000
45 73 6.000000
45 74 5.000000
45 75 2.000000
45 76 6.000000
45 77 8.000000
45 78 8.000000
45 79 7.000000
45 80 2.000000
45 81 3.000000
45 82 3.000000
45 83 5.000000
45 84 5.000000
45 85 9.000000
45 86 7.000000
45 87 9.000000
45 88 1.000000
45 89 6.000000
45 90 8.000000
45 91 2.000000
45 92 8.000000
45 93 1.000000
45 94 1.000000
45 95 8.000000
45 96 5.000000
45 97 8.000000
45 98 1.000000
45 99 9.000000
46 47 9.000000
46 48 5.000000
46 49 8.000000
46 50 8.000000
46 51 2.000000
46 52 3.000000
46 53 9.000000
46 54 5.000000
46 55 2.000000
46 56 8.000000
46 57 9.000000
46 58 3.000000
46 59 8.000000
46 60 3.000000
46 61 5.000000
46 62 1.000000
46 63 2.000000
46 64 2.000000
46 65 9.000000
46 66 9.000000
46 67 5.000000
46 68 5.000000
46 69 1.000000
46 70 1.000000
46 71 6.000000
46 72 9.000000
46 73 7.000000
46 74 8.000000
46 75 5.000000
46 76 5.000000
46 77 8.000000
46 78 4.000000
46 79 9.000000
46 80 4.000000
46 81 2.000000
46 82 8.000000
46 83 7.000000
46 84 9.000000
46 85 4.000000
46 86 6.000000
46 87 5.000000
46 88 3.000000
46 89 6.000000
46 90 3.000000
46 91 3.000000
46 92 1.000000
46 93 3.000000
46 94 4.000000
46 95 1.000000
46 96 9.000000
46 97 1.000000
46 98 3.000000
46 99 5.000000
47 48 9.000000
47 49 4.000000
47 50 1.000000
47 51 6.000000
47 52 8.000000
47 53 6.000000
47 54 1.000000
47 55 3.000000
47 56 2.000000
47 57 5.000000
47 58 9.000000
47 59 6.000000
47 60 4.000000
47 61 8.000000
47 62 3.000000
47 63 1.000000
47 64 9.000000
47 65 6.000000
47 66 5.000000
47 67 9.000000
47 68 2.000000
47 69 7.000000
47 70 3.000000
47 71 9.000000
47 72 7.000000
47 73 4.000000
47 74 7.000000
47 75 7.000000
47 76 5.000000
47 77 1.000000
47 78 2.000000
47 79 4.000000
47 80 2.000000
47 81 9.000000
47 82 9.000000
47 83 9.000000
47 84 5.000000
47 85 7.000000
47 86 9.000000
47 87 5.000000
47 88 9.000000
47 89 8.000000
47 90 1.000000
47 91 2.000000
47 92 4.000000
47 93 1.000000
47 94 2.000000
47 95 3.000000
47 96 6.000000
47 97 7.000000
47 98 3.000000
47 99 7.000000
48 49 2.000000
48 50 3.000000
48 51 6.000000
48 52 9.000000
48 53 6.000000
48 54 2.000000
48 55 6.000000
48 56 8.000000
48 57 2.000000
48 58 5.000000
48 59 2.000000
48 60 1.000000
48 61 4.000000
48 62 8.000000
48 63 7.000000
48 64 6.000000
48 65 4.000000
48 66 6.000000
48 67 1.000000
48 68 3.000000
48 69 2.000000
48 70 1.000000
48 71 4.000000
48 72 6.000000
48 73 8.000000
48 74 6.000000
48 75 8.000000
48 76 4.000000
48 77 1.000000
48 78 8.000000
48 79 1.000000
48 80 9.000000
48 81 1.000000
48 82 5.000000
48 83 8.000000
48 84 7.000000
48 85 6.000000
48 86 2.000000
48 87 5.000000
48 88 5.000000
48 89 4.000000
48 90 5.000000
48 91 5.000000
48 92 5.000000
48 93 1.000000
48 94 2.000000
48 95 2.000000
48 96 2.000000
48 97 7.000000
48 98 9.000000
48 99 5.000000
49 50 6.000000
49 51 8.000000
49 52 6.000000
49 53 2.000000
49 54 6.000000
49 55 2.000000
49 56 8.000000
49 57 1.000000
49 58 9.000000
49 59 6.000000
49 60 8.000000
49 61 9.000000
49 62 7.000000
49 63 1.000000
49 64 5.000000
49 65 2.000000
49 66 4.000000
49 67 7.000000
49 68 4.000000
49 69 8.000000
49 70 8.000000
49 71 6.000000
49 72 1.000000
49 73 4.000000
49 74 5.000000
49 75 2.000000
49 76 5.000000
49 77 6.000000
49 78 6.000000
49 79 2.000000
49 80 1.000000
49 81 3.000000
49 82 9.000000
49 83 7.000000
49 84 2.000000
49 85 4.000000
49 86 6.000000
49 87 9.000000
49 88 2.000000
49 89 6.000000
49 90 4.000000
49 91 9.000000
49 92 3.000000
49 93 8.000000
49 94 8.000000
49 95 7.000000
49 96 9.000000
49 97 2.000000
49 98 2.000000
49 99 1.000000
50 51 8.000000
50 52 1.000000
50 53 7.000000
50 54 8.000000
50 55 4.000000
50 56 2.000000
50 57 1.000000
50 58 6.000000
50 59 5.000000
50 60 4.000000
50 61 5.000000
50 62 6.000000
50 63 4.000000
50 64 5.000000
50 65 1.000000
50 66 6.000000
50 67 6.000000
50 68 4.000000
50 69 3.000000
50 70 7.000000
50 71 9.000000
50 72 6.000000
50 73 6.000000
50 74 9.000000
50 75 4.000000
50 76 4.000000
50 77 7.000000
50 78 1.000000
50 79 4.000000
50 80 6.000000
50 81 9.000000
50 82 2.000000
50 83 4.000000
50 84 6.000000
50 85 9.000000
50 86 5.000000
50 87 5.000000
50 88 7.000000
50 89 1.000000
50 90 7.000000
50 91 2.000000
50 92 4.000000
50 93 3.000000
50 94 3.000000
50 95 6.000000
50 96 1.000000
50 97 8.000000
50 98 2.000000
50 99 5.000000
51 52 2.000000
51 53 8.000000
51 54 2.000000
51 55 5.000000
51 56 4.000000
51 57 2.000000
51 58 9.000000
51 59 6.000000
51 60 6.000000
51 61 7.000000
51 62 7.000000
51 63 9.000000
51 64 6.000000
51 65 8.000000
51 66 4.000000
51 67 9.000000
51 68 5.000000
51 69 8.000000
51 70 2.000000
51 71 1.000000
51 72 7.000000
51 73 9.000000
51 74 9.000000
51 75 1.000000
51 76 9.000000
51 77 2.000000
51 78 6.000000
51 79 1.000000
51 80 1.000000
51 81 7.000000
51 82 5.000000
51 83 9.000000
51 84 5.000000
51 85 4.000000
51 86 4.000000
51 87 6.000000
51 88 5.000000
51 89 1.000000
51 90 9.000000
51 91 8.000000
51 92 6.000000
51 93 6.000000
51 94 8.000000
51 95 2.000000
51 96 2.000000
51 97 2.000000
51 98 9.000000
51 99 5.000000
52 53 7.000000
52 54 1.000000
52 55 5.000000
52 56 4.000000
52 57 9.000000
52 58 4.000000
52 59 4.000000
52 60 9.000000
52 61 3.000000
52 62 7.000000
52 63 7.000000
52 64 1.000000
52 65 2.000000
52 66 2.000000
52 67 7.000000
52 68 6.000000
52 69 3.000000
52 70 2.000000
52 71 1.000000
52 72 8.000000
52 73 9.000000
52 74 7.000000
52 75 4.000000
52 76 3.000000
52 77 2.000000
52 78 2.000000
52 79 5.000000
52 80 3.000000
52 81 1.000000
52 82 4.000000
52 83 5.000000
52 84 8.000000
52 85 2.000000
52 86 7.000000
52 87 2.000000
52 88 9.000000
52 89 8.000000
52 90 4.000000
52 91 8.000000
52 92 2.000000
52 93 8.000000
52 94 5.000000
52 95 2.000000
52 96 1.000000
52 97 4.000000
52 98 9.000000
52 99 4.000000
53 54 6.000000
53 55 8.000000
53 56 4.000000
53 57 2.000000
53 58 5.000000
53 59 2.000000
53 60 6.000000
53 61 8.000000
53 62 3.000000
53 63 5.000000
53 64 1.000000
53 65 3.000000
53 66 6.000000
53 67 2.000000
53 68 6.000000
53 69 4.000000
53 70 3.000000
53 71 3.000000
53 72 3.000000
53 73 2.000000
53 74 2.000000
53 75 6.000000
53 76 7.000000
53 77 3.000000
53 78 5.000000
53 79 9.000000
53 80 2.000000
53 81 5.000000
53 82 1.000000
53 83 1.000000
53 84 8.000000
53 85 7.000000
53 86 6.000000
53 87 1.000000
53 88 6.000000
53 89 2.000000
53 90 9.000000
53 91 9.000000
53 92 7.000000
53 93 9.000000
53 94 5.000000
53 95 7.000000
53 96 9.000000
53 97 1.000000
53 98 8.000000
53 99 5.000000
54 55 2.000000
54 56 8.000000
54 57 8.000000
54 58 4.000000
54 59 8.000000
54 60 7.000000
54 61 8.000000
54 62 5.000000
54 63 7.000000
54 64 3.000000
54 65 3.000000
54 66 8.000000
54 67 5.000000
54 68 3.000000
54 69 7.000000
54 70 1.000000
54 71 7.000000
54 72 3.000000
54 73 8.000000
54 74 4.000000
54 75 2.000000
54 76 7.000000
54 77 1.000000
54 78 8.000000
54 79 6.000000
54 80 5.000000
54 81 3.000000
54 82 6.000000
54 83 3.000000
54 84 8.000000
54 85 8.000000
54 86 4.000000
54 87 7.000000
54 88 4.000000
54 89 6.000000
54 90 3.000000
54 91 1.000000
54 92 4.000000
54 93 5.000000
54 94 7.000000
54 95 4.000000
54 96 7.000000
54 97 6.000000
54 98 6.000000
54 99 8.000000
55 56 1.000000
55 57 6.000000
55 58 5.000000
55 59 3.000000
55 60 5.000000
55 61 6.000000
55 62 5.000000
55 63 9.000000
55 64 7.000000
55 65 1.000000
55 66 4.000000
55 67 9.000000
55 68 4.000000
55 69 7.000000
55 70 3.000000
55 71 2.000000
55 72 5.000000
55 73 4.000000
55 74 6.000000
55 75 9.000000
55 76 9.000000
55 77 8.000000
55 78 7.000000
55 79 3.000000
55 80 4.000000
55 81 5.000000
55 82 4.000000
55 83 8.000000
55 84 8.000000
55 85 9.000000
55 86 6.000000
55 87 6.000000
55 88 6.000000
55 89 2.000000
55 90 8.000000
55 91 8.000000
55 92 5.000000
55 93 1.000000
55 94 7.000000
55 95 9.000000
55 96 2.000000
55 97 8.000000
55 98 9.000000
55 99 3.000000
56 57 5.000000
56 58 2.000000
56 59 4.000000
56 60 1.000000
56 61 3.000000
56 62 1.000000
56 63 7.000000
56 64 3.000000
56 65 6.000000
56 66 4.000000
56 67 3.000000
56 68 9.000000
56 69 6.000000
56 70 7.000000
56 71 6.000000
56 72 2.000000
56 73 6.000000
56 74 2.000000
56 75 7.000000
56 76 9.000000
56 77 1.000000
56 78 6.000000
56 79 7.000000
56 80 6.000000
56 81 4.000000
56 82 3.000000
56 83 5.000000
56 84 3.000000
56 85 1.000000
56 86 4.000000
56 87 5.000000
56 88 6.000000
56 89 3.000000
56 90 7.000000
56 91 4.000000
56 92 6.000000
56 93 5.000000
56 94 1.000000
56 95 6.000000
56 96 1.000000
56 97 2.000000
56 98 6.000000
56 99 8.000000
57 58 8.000000
57 59 1.000000
57 60 4.000000
57 61 9.000000
57 62 7.000000
57 63 5.000000
57 64 5.000000
57 65 4.000000
57 66 6.000000
57 67 8.000000
57 68 9.000000
57 69 9.000000
57 70 2.000000
57 71 2.000000
57 72 4.000000
57 73 5.000000
57 74 9.000000
57 75 6.000000
57 76 7.000000
57 77 3.000000
57 78 6.000000
57 79 4.000000
57 80 4.000000
57 81 9.000000
57 82 8.000000
57 83 4.000000
57 84 5.000000
57 85 7.000000
57 86 4.000000
57 87 9.000000
57 88 3.000000
57 89 2.000000
57 90 9.000000
57 91 6.000000
57 92 8.000000
57 93 6.000000
57 94 8.000000
57 95 3.000000
57 96 8.000000
57 97 2.000000
57 98 8.000000
57 99 7.000000
58 59 1.000000
58 60 1.000000
58 61 6.000000
58 62 3.000000
58 63 3.000000
58 64 5.000000
58 65 8.000000
58 66 7.000000
58 67 6.000000
58 68 4.000000
58 69 2.000000
58 70 7.000000
58 71 4.000000
58 72 7.000000
58 73 2.000000
58 74 6.000000
58 75 2.000000
58 76 3.000000
58 77 5.000000
58 78 4.000000
58 79 4.000000
58 80 5.000000
58 81 7.000000
58 82 9.000000
58 83 8.000000
58 84 6.000000
58 85 1.000000
58 86 6.000000
58 87 7.000000
58 88 8.000000
58 89 3.000000
58 90 8.000000
58 91 8.000000
58 92 8.000000
58 93 1.000000
58 94 8.000000
58 95 2.000000
58 96 6.000000
58 97 6.000000
58 98 5.000000
58 99 9.000000
59 60 5.000000
59 61 2.000000
59 62 1.000000
59 63 9.000000
59 64 1.000000
59 65 7.000000
59 66 2.000000
59 67 3.000000
59 68 2.000000
59 69 3.000000
59 70 4.000000
59 71 4.000000
59 72 1.000000
59 73 4.000000
59 74 3.000000
59 75 6.000000
59 76 4.000000
59 77 6.000000
59 78 1.000000
59 79 2.000000
59 80 9.000000
59 81 6.000000
59 82 8.000000
59 83 5.000000
59 84 4.000000
59 85 6.000000
59 86 6.000000
59 87 9.000000
59 88 9.000000
59 89 1.000000
59 90 7.000000
59 91 2.000000
59 92 1.000000
59 93 7.000000
59 94 2.000000
59 95 1.000000
59 96 4.000000
59 97 1.000000
59 98 2.000000
59 99 4.000000
60 61 3.000000
60 62 5.000000
60 63 7.000000
60 64 3.000000
60 65 8.000000
60 66 7.000000
60 67 6.000000
60 68 2.000000
60 69 4.000000
60 70 7.000000
60 71 2.000000
60 72 3.000000
60 73 3.000000
60 74 9.000000
60 75 7.000000
60 76 7.000000
60 77 3.000000
60 78 2.000000
60 79 4.000000
60 80 1.000000
60 81 9.000000
60 82 1.000000
60 83 2.000000
60 84 9.000000
60 85 8.000000
60 86 3.000000
60 87 8.000000
60 88 9.000000
60 89 3.000000
60 90 9.000000
60 91 3.000000
60 92 4.000000
60 93 4.000000
60 94 8.000000
60 95 4.000000
60 96 1.000000
60 97 5.000000
60 98 1.000000
60 99 9.000000
61 62 8.000000
61 63 5.000000
61 64 1.000000
61 65 8.000000
61 66 7.000000
61 67 7.000000
61 68 4.000000
61 69 2.000000
61 70 1.000000
61 71 5.000000
61 72 6.000000
61 73 1.000000
61 74 2.000000
61 75 4.000000
61 76 9.000000
61 77 9.000000
61 78 9.000000
61 79 3.000000
61 80 7.000000
61 81 9.000000
61 82 3.000000
61 83 4.000000
61 84 9.000000
61 85 4.000000
61 86 5.000000
61 87 7.000000
61 88 8.000000
61 89 3.000000
61 90 1.000000
61 91 8.000000
61 92 3.000000
61 93 8.000000
61 94 3.000000
61 95 3.000000
61 96 5.000000
61 97 7.000000
61 98 8.000000
61 99 8.000000
62 63 7.000000
62 64 8.000000
62 65 1.000000
62 66 3.000000
62 67 6.000000
62 68 2.000000
62 69 4.000000
62 70 5.000000
62 71 1.000000
62 72 4.000000
62 73 5.000000
62 74 5.000000
62 75 3.000000
62 76 6.000000
62 77 6.000000
62 78 9.000000
62 79 9.000000
62 80 9.000000
62 81 7.000000
62 82 7.000000
62 83 2.000000
62 84 5.000000
62 85 3.000000
62 86 4.000000
62 87 3.000000
62 88 5.000000
62 89 5.000000
62 90 7.000000
62 91 1.000000
62 92 3.000000
62 93 3.000000
62 94 7.000000
62 95 8.000000
62 96 3.000000
62 97 7.000000
62 98 2.000000
62 99 5.000000
63 64 1.000000
63 65 6.000000
63 66 3.000000
63 67 4.000000
63 68 9.000000
63 69 6.000000
63 70 4.000000
63 71 5.000000
63 72 9.000000
63 73 2.000000
63 74 4.000000
63 75 8.000000
63 76 8.000000
63 77 2.000000
63 78 1.000000
63 79 3.000000
63 80 4.000000
63 81 2.000000
63 82 3.000000
63 83 7.000000
63 84 6.000000
63 85 8.000000
63 86 7.000000
63 87 6.000000
63 88 1.000000
63 89 2.000000
63 90 2.000000
63 91 2.000000
63 92 8.000000
63 93 3.000000
63 94 4.000000
63 95 8.000000
63 96 7.000000
63 97 6.000000
63 98 1.000000
63 99 6.000000
64 65 9.000000
64 66 2.000000
64 67 1.000000
64 68 9.000000
64 69 3.000000
64 70 2.000000
64 71 7.000000
64 72 8.000000
64 73 3.000000
64 74 5.000000
64 75 8.000000
64 76 5.000000
64 77 5.000000
64 78 9.000000
64 79 9.000000
64 80 8.000000
64 81 7.000000
64 82 6.000000
64 83 5.000000
64 84 5.000000
64 85 5.000000
64 86 6.000000
64 87 6.000000
64 88 3.000000
64 89 7.000000
64 90 9.000000
64 91 8.000000
64 92 4.000000
64 93 4.000000
64 94 6.000000
64 95 9.000000
64 96 1.000000
64 97 8.000000
64 98 9.000000
64 99 9.000000
65 66 8.000000
65 67 8.000000
65 68 5.000000
65 69 5.000000
65 70 2.000000
65 71 7.000000
65 72 3.000000
65 73 4.000000
65 74 2.000000
65 75 2.000000
65 76 3.000000
65 77 1.000000
65 78 6.000000
65 79 6.000000
65 80 3.000000
65 81 9.000000
65 82 1.000000
65 83 6.000000
65 84 5.000000
65 85 1.000000
65 86 3.000000
65 87 3.000000
65 88 8.000000
65 89 6.000000
65 90 4.000000
65 91 3.000000
65 92 5.000000
65 93 4.000000
65 94 8.000000
65 95 2.000000
65 96 2.000000
65 97 6.000000
65 98 1.000000
65 99 4.000000
66 67 1.000000
66 68 9.000000
66 69 8.000000
66 70 2.000000
66 71 3.000000
66 72 8.000000
66 73 1.000000
66 74 3.000000
66 75 8.000000
66 76 7.000000
66 77 6.000000
66 78 8.000000
66 79 6.000000
66 80 6.000000
66 81 4.000000
66 82 8.000000
66 83 6.000000
66 84 7.000000
66 85 8.000000
66 86 2.000000
66 87 3.000000
66 88 2.000000
66 89 4.000000
66 90 6.000000
66 91 4.000000
66 92 2.000000
66 93 7.000000
66 94 3.000000
66 95 6.000000
66 96 5.000000
66 97 4.000000
66 98 4.000000
66 99 4.000000
67 68 9.000000
67 69 5.000000
67 70 4.000000
67 71 7.000000
67 72 6.000000
67 73 6.000000
67 74 5.000000
67 75 1.000000
67 76 2.000000
67 77 3.000000
67 78 4.000000
67 79 5.000000
67 80 5.000000
67 81 2.000000
67 82 8.000000
67 83 2.000000
67 84 8.000000
67 85 1.000000
67 86 2.000000
67 87 9.000000
67 88 2.000000
67 89 7.000000
67 90 1.000000
67 91 2.000000
67 92 5.000000
67 93 1.000000
67 94 7.000000
67 95 7.000000
67 96 2.000000
67 97 1.000000
67 98 2.000000
67 99 2.000000
68 69 6.000000
68 70 5.000000
68 71 8.000000
68 72 9.000000
68 73 9.000000
68 74 2.000000
68 75 7.000000
68 76 8.000000
68 77 4.000000
68 78 1.000000
68 79 4.000000
68 80 8.000000
68 81 2.000000
68 82 2.000000
68 83 7.000000
68 84 9.000000
68 85 9.000000
68 86 9.000000
68 87 7.000000
68 88 2.000000
68 89 6.000000
68 90 5.000000
68 91 3.000000
68 92 8.000000
68 93 4.000000
68 94 7.000000
68 95 6.000000
68 96 5.000000
68 97 7.000000
68 98 5.000000
68 99 6.000000
69 70 1.000000
69 71 7.000000
69 72 5.000000
69 73 7.000000
69 74 6.000000
69 75 6.000000
69 76 4.000000
69 77 5.000000
69 78 7.000000
69 79 4.000000
69 80 6.000000
69 81 4.000000
69 82 4.000000
69 83 7.000000
69 84 8.000000
69 85 1.000000
69 86 5.000000
69 87 7.000000
69 88 5.000000
69 89 4.000000
69 90 2.000000
69 91 1.000000
69 92 4.000000
69 93 7.000000
69 94 2.000000
69 95 1.000000
69 96 1.000000
69 97 6.000000
69 98 5.000000
69 99 3.000000
70 71 1.000000
70 72 6.000000
70 73 1.000000
70 74 5.000000
70 75 1.000000
70 76 6.000000
70 77 8.000000
70 78 5.000000
70 79 8.000000
70 80 3.000000
70 81 6.000000
70 82 4.000000
70 83 4.000000
70 84 9.000000
70 85 9.000000
70 86 3.000000
70 87 1.000000
70 88 2.000000
70 89 7.000000
70 90 3.000000
70 91 5.000000
70 92 6.000000
70 93 3.000000
70 94 6.000000
70 95 2.000000
70 96 4.000000
70 97 4.000000
70 98 9.000000
70 99 8.000000
71 72 8.000000
71 73 3.000000
71 74 8.000000
71 75 2.000000
71 76 3.000000
71 77 1.000000
71 78 3.000000
71 79 6.000000
71 80 6.000000
71 81 5.000000
71 82 3.000000
71 83 8.000000
71 84 1.000000
71 85 4.000000
71 86 1.000000
71 87 1.000000
71 88 1.000000
71 89 1.000000
71 90 8.000000
71 91 2.000000
71 92 7.000000
71 93 1.000000
71 94 4.000000
71 95 2.000000
71 96 2.000000
71 97 9.000000
71 98 1.000000
71 99 3.000000
72 73 3.000000
72 74 9.000000
72 75 1.000000
72 76 9.000000
72 77 2.000000
72 78 6.000000
72 79 1.000000
72 80 2.000000
72 81 6.000000
72 82 1.000000
72 83 8.000000
72 84 2.000000
72 85 5.000000
72 86 8.000000
72 87 8.000000
72 88 6.000000
72 89 2.000000
72 90 6.000000
72 91 4.000000
72 92 3.000000
72 93 6.000000
72 94 2.000000
72 95 2.000000
72 96 1.000000
72 97 9.000000
72 98 6.000000
72 99 9.000000
73 74 1.000000
73 75 3.000000
73 76 9.000000
73 77 2.000000
73 78 4.000000
73 79 9.000000
73 80 9.000000
73 81 3.000000
73 82 8.000000
73 83 6.000000
73 84 1.000000
73 85 1.000000
73 86 9.000000
73 87 2.000000
73 88 6.000000
73 89 9.000000
73 90 4.000000
73 91 4.000000
73 92 5.000000
73 93 9.000000
73 94 5.000000
73 95 1.000000
73 96 3.000000
73 97 5.000000
73 98 6.000000
73 99 2.000000
74 75 7.000000
74 76 4.000000
74 77 2.000000
74 78 1.000000
74 79 4.000000
74 80 9.000000
74 81 3.000000
74 82 3.000000
74 83 1.000000
74 84 4.000000
74 85 2.000000
74 86 8.000000
74 87 4.000000
74 88 8.000000
74 89 4.000000
74 90 5.000000
74 91 8.000000
74 92 3.000000
74 93 4.000000
74 94 4.000000
74 95 9.000000
74 96 7.000000
74 97 5.000000
74 98 4.000000
74 99 5.000000
75 76 7.000000
75 77 4.000000
75 78 7.000000
75 79 3.000000
75 80 7.000000
75 81 7.000000
75 82 7.000000
75 83 2.000000
75 84 8.000000
75 85 7.000000
75 86 5.000000
75 87 5.000000
75 88 7.000000
75 89 5.000000
75 90 4.000000
75 91 2.000000
75 92 5.000000
75 93 2.000000
75 94 3.000000
75 95 3.000000
75 96 3.000000
75 97 7.000000
75 98 1.000000
75 99 5.000000
76 77 8.000000
76 78 2.000000
76 79 5.000000
76 80 6.000000
76 81 6.000000
76 82 6.000000
76 83 8.000000
76 84 3.000000
76 85 1.000000
76 86 5.000000
76 87 3.000000
76 88 7.000000
76 89 9.000000
76 90 9.000000
76 91 8.000000
76 92 5.000000
76 93 4.000000
76 94 1.000000
76 95 1.000000
76 96 2.000000
76 97 6.000000
76 98 4.000000
76 99 1.000000
77 78 1.000000
77 79 3.000000
77 80 3.000000
77 81 1.000000
77 82 5.000000
77 83 8.000000
77 84 1.000000
77 85 7.000000
77 86 4.000000
77 87 2.000000
77 88 9.000000
77 89 7.000000
77 90 5.000000
77 91 6.000000
77 92 5.000000
77 93 7.000000
77 94 6.000000
77 95 8.000000
77 96 1.000000
77 97 1.000000
77 98 7.000000
77 99 7.000000
78 79 7.000000
78 80 3.000000
78 81 2.000000
78 82 7.000000
78 83 1.000000
78 84 1.000000
78 85 1.000000
78 86 4.000000
78 87 1.000000
78 88 8.000000
78 89 4.000000
78 90 1.000000
78 91 8.000000
78 92 8.000000
78 93 6.000000
78 94 6.000000
78 95 5.000000
78 96 1.000000
78 97 5.000000
78 98 3.000000
78 99 7.000000
79 80 9.000000
79 81 8.000000
79 82 1.000000
79 83 5.000000
79 84 2.000000
79 85 8.000000
79 86 3.000000
79 87 2.000000
79 88 5.000000
79 89 9.000000
79 90 8.000000
79 91 5.000000
79 92 8.000000
79 93 4.000000
79 94 5.000000
79 95 8.000000
79 96 4.000000
79 97 6.000000
79 98 8.000000
79 99 1.000000
80 81 9.000000
80 82 7.000000
80 83 8.000000
80 84 5.000000
80 85 3.000000
80 86 5.000000
80 87 8.000000
80 88 1.000000
80 89 9.000000
80 90 1.000000
80 91 6.000000
80 92 7.000000
80 93 8.000000
80 94 6.000000
80 95 2.000000
80 96 7.000000
80 97 2.000000
80 98 4.000000
80 99 8.000000
81 82 4.000000
81 83 1.000000
81 84 7.000000
81 85 9.000000
81 86 9.000000
81 87 1.000000
81 88 2.000000
81 89 7.000000
81 90 2.000000
81 91 8.000000
81 92 6.000000
81 93 2.000000
81 94 5.000000
81 95 1.000000
81 96 8.000000
81 97 1.000000
81 98 3.000000
81 99 1.000000
82 83 8.000000
82 84 2.000000
82 85 7.000000
82 86 6.000000
82 87 7.000000
82 88 4.000000
82 89 2.000000
82 90 1.000000
82 91 5.000000
82 92 8.000000
82 93 2.000000
82 94 6.000000
82 95 6.000000
82 96 5.000000
82 97 7.000000
82 98 1.000000
82 99 2.000000
83 84 6.000000
83 85 8.000000
83 86 4.000000
83 87 3.000000
83 88 1.000000
83 89 2.000000
83 90 6.000000
83 91 9.000000
83 92 4.000000
83 93 6.000000
83 94 5.000000
83 95 4.000000
83 96 7.000000
83 97 5.000000
83 98 9.000000
83 99 8.000000
84 85 3.000000
84 86 5.000000
84 87 3.000000
84 88 4.000000
84 89 4.000000
84 90 3.000000
84 91 7.000000
84 92 2.000000
84 93 2.000000
84 94 3.000000
84 95 6.000000
84 96 4.000000
84 97 9.000000
84 98 6.000000
84 99 6.000000
85 86 3.000000
85 87 5.000000
85 88 9.000000
85 89 6.000000
85 90 3.000000
85 91 8.000000
85 92 2.000000
85 93 9.000000
85 94 9.000000
85 95 6.000000
85 96 5.000000
85 97 4.000000
85 98 3.000000
85 99 9.000000
86 87 1.000000
86 88 8.000000
86 89 9.000000
86 90 6.000000
86 91 8.000000
86 92 4.000000
86 93 9.000000
86 94 1.000000
86 95 1.000000
86 96 9.000000
86 97 9.000000
86 98 1.000000
86 99 5.000000
87 88 3.000000
87 89 1.000000
87 90 1.000000
87 91 8.000000
87 92 3.000000
87 93 3.000000
87 94 5.000000
87 95 6.000000
87 96 3.000000
87 97 1.000000
87 98 6.000000
87 99 3.000000
88 89 1.000000
88 90 2.000000
88 91 7.000000
88 92 2.000000
88 93 2.000000
88 94 4.000000
88 95 2.000000
88 96 7.000000
88 97 2.000000
88 98 5.000000
88 99 5.000000
89 90 3.000000
89 91 3.000000
89 92 3.000000
89 93 3.000000
89 94 2.000000
89 95 2.000000
89 96 1.000000
89 97 6.000000
89 98 4.000000
89 99 1.000000
90 91 4.000000
90 92 1.000000
90 93 2.000000
90 94 5.000000
90 95 3.000000
90 96 5.000000
90 97 7.000000
90 98 4.000000
90 99 1.000000
91 92 9.000000
91 93 2.000000
91 94 2.000000
91 95 4.000000
91 96 3.000000
91 97 1.000000
91 98 6.000000
91 99 4.000000
92 93 7.000000
92 94 7.000000
92 95 9.000000
92 96 2.000000
92 97 7.000000
92 98 9.000000
92 99 4.000000
93 94 9.000000
93 95 1.000000
93 96 3.000000
93 97 7.000000
93 98 4.000000
93 99 7.000000
94 95 6.000000
94 96 7.000000
94 97 5.000000
94 98 7.000000
94 99 2.000000
95 96 7.000000
95 97 2.000000
95 98 7.000000
95 99 1.000000
96 97 1.000000
96 98 6.000000
96 99 2.000000
97 98 2.000000
97 99 8.000000
98 99 2.000000

4.000000
2.000000
7.000000
9.000000
4.000000
2.000000
5.000000
6.000000
9.000000
2.000000
7.000000
3.000000
7.000000
2.000000
2.000000
1.000000
2.000000
4.000000
9.000000
3.000000
3.000000
3.000000
7.000000
1.000000
5.000000
8.000000
8.000000
3.000000
7.000000
8.000000
4.000000
1.000000
7.000000
1.000000
7.000000
1.000000
1.000000
2.000000
4.000000
7.000000
2.000000
2.000000
1.000000
8.000000
3.000000
2.000000
6.000000
2.000000
4.000000
4.000000
4.000000
4.000000
6.000000
1.000000
4.000000
8.000000
9.000000
9.000000
8.000000
4.000000
8.000000
3.000000
5.000000
3.000000
1.000000
2.000000
2.000000
8.000000
2.000000
5.000000
6.000000
3.000000
6.000000
6.000000
1.000000
7.000000
5.000000
4.000000
8.000000
6.000000
7.000000
1.000000
1.000000
1.000000
1.000000
2.000000
8.000000
7.000000
2.000000
5.000000
9.000000
7.000000
5.000000
4.000000
9.000000
3.000000
3.000000
1.000000
2.000000
4.000000
